6.21982538865, 9.23267369531, 10.6975780465, 9.51424496349, 8.06435668496, 8.58786308906
6.26659487287, 9.25035462701, 10.7366084431, 9.48299391325, 8.06718154088, 8.57553589562
6.31487814648, 9.26334406463, 10.7660975027, 9.44261575875, 8.07047366608, 8.56320670829
6.36413872514, 9.27191117557, 10.7848489987, 9.39626512338, 8.07384639467, 8.55105077345
6.41394134345, 9.27634955465, 10.792514908, 9.3468562797, 8.07688756507, 8.53924789415
6.46393760158, 9.27696125191, 10.7893054107, 9.29695939476, 8.07927554889, 8.52783358938
6.51385252476, 9.27404569985, 10.775746542, 9.24883292513, 8.08088155094, 8.51674150007
6.56347243982, 9.26789232437, 10.7525244306, 9.20455275416, 8.08172217174, 8.50591109735
6.61263431901, 9.25877587584, 10.7204790961, 9.16617181437, 8.08187775139, 8.49533909383
6.66121658881, 9.24695373299, 10.6808066598, 9.13573995938, 8.0814457994, 8.48508989433
6.70913131462, 9.23266460949, 10.635310734, 9.1150006071, 8.08052566106, 8.47527462312
6.75631762957, 9.21612823499, 10.5863308316, 9.10495226561, 8.07918969198, 8.46598574531
6.80273625874, 9.19754569303, 10.5363359559, 9.10566808917, 8.07737626562, 8.45721813182
6.84836499029, 9.17710018357, 10.4875103202, 9.11644107852, 8.07502827344, 8.44894091719
6.89319495346, 9.1549580427, 10.4415262466, 9.1360743404, 8.07226942758, 8.44115991035
6.93722757694, 9.13126990073, 10.3994963794, 9.16315736572, 8.06927616149, 8.43386657669
6.9804721158, 9.10617189567, 10.3620295632, 9.19626684601, 8.06621040333, 8.4270264208
7.02294365054, 9.07978688597, 10.3293225543, 9.23408551298, 8.0632006541, 8.42058639053
7.06466147554, 9.05222562552, 10.3012599963, 9.27546778986, 8.06033654778, 8.41448489578
7.10564780734, 9.02358787761, 10.2775019816, 9.31946275249, 8.05766743919, 8.40866325138
7.14592675429, 8.9939634547, 10.2574831637, 9.36528029201, 8.055210076, 8.40307142666
7.18552349855, 8.9634331772, 10.2402165307, 9.41220430915, 8.05294782778, 8.39766817043
7.2244636502, 8.93206974963, 10.2231151696, 9.4591888114, 8.05080941255, 8.39241696476
7.26277273972, 8.89993855512, 10.2004584782, 9.50376093646, 8.04854638695, 8.38725367451
7.30047582097, 8.86709837144, 10.1710970698, 9.54423200883, 8.04556887081, 8.3819923777
7.33759716168, 8.83360201248, 10.1358558056, 9.57970105582, 8.04169977122, 8.37657261531
7.37416000224, 8.7994969001, 10.0959331759, 9.60980394004, 8.03695831644, 8.3710183354
7.41018636643, 8.76482557069, 10.0524425005, 9.63447297231, 8.031486281, 8.36529171534
7.44569691046, 8.72962612093, 10.0063336326, 9.6538113357, 8.02542717672, 8.35936330714
7.48071079807, 8.69393259667, 9.95839966302, 9.66803577117, 8.01890380101, 8.35322119927
7.51524559071, 8.65777532773, 9.90929074468, 9.67743333145, 8.01201945547, 8.34686557882
7.54931714198, 8.6211812108, 9.85953106226, 9.6823296572, 8.00485981774, 8.34030459874
7.58293948547, 8.58417394099, 9.80953648974, 9.68306635113, 7.99749506945, 8.33355132079
7.61612470316, 8.54677419064, 9.75963150649, 9.67998533719, 7.9899820372, 8.32662151135
7.64888275926, 8.50899973153, 9.71006462109, 9.67341846033, 7.98236620695, 8.31953209352
7.68122127845, 8.47086549263, 9.66102198011, 9.66368093674, 7.97468354044, 8.31230009198
7.7030647289, 8.42588923587, 9.61263909952, 9.65106757614, 7.96697050086, 8.30490892522
7.71393113228, 8.377084305, 9.56501080435, 9.63585095696, 7.95870688722, 8.29551147986
7.71435313672, 8.32708608591, 9.5181995386, 9.61828094275, 7.9500752121, 8.28461803624
7.70533230358, 8.27790657219, 9.47224223883, 9.59858509045, 7.94125150374, 8.27274860561
7.68807534858, 8.23097899497, 9.42715596969, 9.57696962527, 7.93237997477, 8.26034141612
7.66382768767, 8.18725199026, 9.38294250952, 9.55362075078, 7.92357097929, 8.24774202741
7.63377377682, 8.14729248022, 9.33959205642, 9.52870613226, 7.91490425641, 8.23520922935
7.59898364213, 8.1113808313, 9.29708620464, 9.50237644247, 7.90643418258, 8.222927342
7.56038900048, 8.07959319792, 9.25540032026, 9.47476689623, 7.89819582689, 8.21102048122
7.51876840781, 8.0518853242, 9.21450542541, 9.44599872676, 7.89021468206, 8.1995679824
7.47428511031, 8.02905472537, 9.17436968262, 9.41618057539, 7.88110558154, 8.18829345534
7.43720709171, 7.9955104183, 9.13495955538, 9.38540977964, 7.87099146987, 8.17744774669
7.40922404726, 7.9540743323, 9.09624070756, 9.3537735532, 7.86102618332, 8.16559887092
7.39115534646, 7.90745328499, 9.0581786931, 9.32135005778, 7.85148731105, 8.15313277647
7.38315970111, 7.85809672864, 9.02073947807, 9.28820937013, 7.84255325362, 8.14041846165
7.38491678473, 7.8081276116, 8.9838898292, 9.25441435011, 7.83432966623, 8.12779413216
7.39577710362, 7.75932132642, 8.94759759656, 9.22002141697, 7.82686994134, 8.11553536456
7.41886602845, 7.71497156261, 8.91183191292, 9.18508124133, 7.82018304176, 8.1038225599
7.43020793896, 7.66627493987, 8.87656332779, 9.1496393607, 7.81466388822, 8.09289737674
7.43063463695, 7.61627676061, 8.84176389077, 9.11373672593, 7.8080580921, 8.08167136776
7.42125892887, 7.56716366564, 8.80740719603, 9.07741018568, 7.80075877007, 8.07010342702
7.40335918835, 7.52047748686, 8.77295044803, 9.04117853491, 7.79310680668, 8.05823763055
7.37822293449, 7.47725516922, 8.73601377444, 9.00747865147, 7.7852385755, 8.04626700954
7.34702820609, 7.43817974318, 8.6954995678, 8.97817679044, 7.77700811619, 8.03446058745
7.31071212093, 7.40381199728, 8.65179362354, 8.95389118901, 7.76834550151, 8.02280407273
7.2693510448, 7.37571820114, 8.60562308865, 8.93470052179, 7.75965836477, 8.01126041338
7.2215149019, 7.36116816909, 8.55770402705, 8.92042594526, 7.75173420797, 8.00031577104
7.17152520808, 7.36015302791, 8.5086513045, 8.9107393354, 7.7440145289, 7.99095106196
7.12284328124, 7.37155785141, 8.45896155678, 8.90517795323, 7.73630019533, 7.98309024441
7.07802071587, 7.3937149639, 8.40901306206, 8.9029090603, 7.7292685711, 7.9762043458
7.03880420848, 7.4247321454, 8.35901306979, 8.90293685655, 7.7211883839, 7.9719386223
7.00627682372, 7.46270541548, 8.30903162365, 8.90429885573, 7.71265802698, 7.96976549684
6.98100180413, 7.50584673425, 8.25903339621, 8.90471987049, 7.70401814542, 7.96868358197
6.96315253009, 7.55255223088, 8.2093771968, 8.8988665074, 7.69559648214, 7.96815493364
6.95262219834, 7.60143077539, 8.1609283528, 8.88650893826, 7.68766706801, 7.96754243815
6.94911217886, 7.65130742086, 8.11427628745, 8.86852047533, 7.68046259448, 7.96682949189
6.95220069119, 7.70121194061, 8.06963457944, 8.84600119678, 7.67369630021, 7.9661643736
6.9613945661, 7.75035939898, 8.02685912458, 8.82011180781, 7.66634774714, 7.96582074435
6.97616712576, 7.79812729072, 7.98547738403, 8.79204845895, 7.65862630762, 7.96651346799
6.97557963446, 7.84812383914, 7.94487097756, 8.76287450218, 7.65101400734, 7.96856191981
6.96316873124, 7.89655904825, 7.90402705488, 8.73403401016, 7.64173093409, 7.97238921198
6.94101705939, 7.94138430267, 7.85750783321, 8.71570474352, 7.6313147489, 7.97765912693
6.91105602859, 7.98141349993, 7.80771218209, 8.71118886822, 7.619642669, 7.9850604318
6.87499839287, 8.0160523063, 7.75855561513, 8.72033391741, 7.60729872326, 7.9946658836
6.83429835817, 8.0450955013, 7.7132943036, 8.74158041544, 7.59496233081, 8.00621996559
6.79015690859, 8.06858022886, 7.67416254184, 8.77270444508, 7.5812577049, 8.02060745552
6.74355012216, 8.0866856827, 7.64255400569, 8.81144590147, 7.56676489291, 8.03707869211
6.69526381579, 8.09966384194, 7.61943478586, 8.85577988024, 7.55183589277, 8.0551113559
6.64592728647, 8.10778214685, 7.60596557107, 8.90393151836, 7.5368617651, 8.07428269332
6.59604706098, 8.11124091906, 7.60422263183, 8.95390113075, 7.52231243273, 8.09421768159
6.54606552775, 8.10988211964, 7.61592126943, 9.00251328847, 7.5087511994, 8.1144871804
6.49699755321, 8.10027306794, 7.64029452141, 9.04617041376, 7.49665154344, 8.13448131365
6.45264662118, 8.07718638718, 7.67505959687, 9.08210632237, 7.48606335249, 8.15303611116
6.41576127642, 8.04343033081, 7.71831765867, 9.1071810126, 7.47700616442, 8.16843675069
6.38784517801, 8.00194911278, 7.75296952184, 9.14322610073, 7.46992286494, 8.1803436344
6.36947727496, 7.95544513298, 7.77920845611, 9.18578803594, 7.46238412847, 8.19048759266
6.36143904773, 7.90609549364, 7.79761536381, 9.23227659097, 7.45480151128, 8.19867191333
6.33861329954, 7.86160970692, 7.80897894464, 9.2809681614, 7.44754715525, 8.20501110308
6.30633967843, 7.82342052808, 7.8140851438, 9.33070674531, 7.43958090908, 8.21120630111
6.26753216755, 7.79189312573, 7.81337961483, 9.38070176735, 7.43180442085, 8.21711432171
6.22425946744, 7.76684370608, 7.80331367913, 9.42967805691, 7.42462174685, 8.22258772321
6.17802691478, 7.74780293207, 7.80735168454, 9.47951473529, 7.41671993865, 8.22724221436
6.12989824625, 7.73425187064, 7.82319731982, 9.5269374708, 7.41058260769, 8.23164146527
6.08059619962, 7.72592671615, 7.84858071105, 9.57001511523, 7.40642260735, 8.23574766672
6.03063815408, 7.72387886706, 7.88132656458, 9.60780015296, 7.40279534176, 8.23986996813
5.98173771423, 7.73430704922, 7.91955661082, 9.64002535372, 7.39986015706, 8.24419789872
5.93748506535, 7.75758156462, 7.96176649825, 9.66682694701, 7.39664959856, 8.25068972716
5.90050198966, 7.79123051873, 8.0068131112, 9.68852493452, 7.39356656425, 8.25915730499
5.87218153351, 7.83243672898, 8.05386276098, 9.70544623634, 7.39088949381, 8.26920858614
5.85304699983, 7.87863055563, 8.10232495403, 9.71775135093, 7.38855665186, 8.28104343108
5.84301536599, 7.92761388262, 8.15176747482, 9.72519696289, 7.38646624936, 8.29170849981
5.84161163444, 7.97759417411, 8.20174115624, 9.72681904978, 7.38501631795, 8.30103807502
5.84813156934, 8.02716725601, 8.25142241965, 9.72118237828, 7.38455790786, 8.3088945516
5.86175876503, 8.07527442322, 8.29960139857, 9.70781129041, 7.38530989431, 8.31502323689
5.88161696643, 8.12116180534, 8.3452583394, 9.68742885301, 7.38770267624, 8.32113249975
5.90659453709, 8.16447601737, 8.38478380545, 9.65680635258, 7.39143784623, 8.3270248586
5.93444593791, 8.20600070246, 8.43158297662, 9.63920414878, 7.39611870056, 8.33190738653
5.9579273454, 8.25014391828, 8.48131355217, 9.63402053465, 7.40315459647, 8.33767675275
5.97558721335, 8.2969213601, 8.53094901167, 9.64004723853, 7.41188108958, 8.34432747813
5.98766540705, 8.34544060615, 8.57840722298, 9.65578630392, 7.41917822519, 8.35112663491
5.99487135439, 8.39491862474, 8.62232172802, 9.67969270991, 7.42539702091, 8.35754615453
5.99770381362, 8.44483833201, 8.66182906396, 9.71033859719, 7.43093983332, 8.36334504732
5.99556136334, 8.49479240999, 8.69635203347, 9.74650715503, 7.43635577348, 8.36850926595
5.98462404522, 8.54358149763, 8.72531044324, 9.78726755865, 7.44138722055, 8.37358509579
5.96257356187, 8.58845661528, 8.74756752749, 9.83204056615, 7.44547985118, 8.3780544926
5.93063558031, 8.62692693285, 8.76039628501, 9.88036678037, 7.44831402333, 8.38140850609
5.8904752159, 8.65671191448, 8.75956448039, 9.9303598609, 7.45109269535, 8.38372438068
5.8434354852, 8.67366077095, 8.74518808061, 9.97824847258, 7.45331890835, 8.3850517526
5.79346323995, 8.67532651522, 8.71945493711, 10.0211181043, 7.45469903889, 8.38490445374
5.74507339572, 8.66273989631, 8.6847735184, 10.057134756, 7.45547286194, 8.38294405265
5.70154882225, 8.6381307211, 8.64347594616, 10.0853218191, 7.45606265858, 8.37926278016
5.66497169125, 8.60404093542, 8.59765722322, 10.1053379283, 7.45682697042, 8.37419115467
5.63648871273, 8.56294689772, 8.54907099744, 10.1171438024, 7.45800467356, 8.36816261722
5.61731909744, 8.51676761828, 8.49910889573, 10.119090182, 7.45989273518, 8.36175562603
5.61011201531, 8.46728976498, 8.45061650835, 10.1069046017, 7.46395167824, 8.35632739387
5.61708029181, 8.4177777147, 8.4080586821, 10.0806590035, 7.47200824242, 8.35004184936
5.63762109029, 8.37219180023, 8.3747881862, 10.0433350956, 7.48535742404, 8.34012907493
5.6694455932, 8.33362755494, 8.35251581633, 9.99856968997, 7.50310136731, 8.32702750244
5.70968290972, 8.30394661226, 8.34161716318, 9.94977195068, 7.52420650955, 8.31133804726
5.75550010682, 8.28392701062, 8.34156783141, 9.89977197502, 7.54762535784, 8.29369123506
5.80441082819, 8.27354715825, 8.35132431241, 9.85073310188, 7.57236797406, 8.27467270833
5.85439433943, 8.2722631783, 8.3696057498, 9.80419506317, 7.59755729619, 8.25478369595
5.90390612409, 8.27923334186, 8.39508088474, 9.76117161026, 7.62246188375, 8.23442844428
5.9518329817, 8.29348172139, 8.42648043863, 9.72226058335, 7.64649700823, 8.213917515
5.99742533474, 8.31400822484, 8.46265683368, 9.6877458265, 7.66921130631, 8.19349433057
6.04021819707, 8.33986883067, 8.50260933534, 9.6576825996, 7.69027682411, 8.17337692498
6.07994440942, 8.37023045204, 8.54549975626, 9.63198412118, 7.71050687617, 8.15236292594
6.11643565454, 8.40441215811, 8.59070722474, 9.61062329736, 7.73015881949, 8.13114438095
6.14942673416, 8.44198327289, 8.63788854746, 9.5940726845, 7.7489931852, 8.10984399699
6.17737590473, 8.4834422148, 8.68705538328, 9.58498300598, 7.76698826068, 8.08890620615
6.19196893248, 8.53126525884, 8.73698448197, 9.58764479186, 7.78404227461, 8.06919939133
6.19179776821, 8.58126496586, 8.78486376972, 9.60205221369, 7.8005243281, 8.05138665525
6.17817857437, 8.62937439902, 8.82851848497, 9.62642978201, 7.81739899171, 8.03394839841
6.15343789056, 8.67282435374, 8.86679553498, 9.65859913765, 7.83674179153, 8.01930442749
6.12007176787, 8.71006279969, 8.89935991782, 9.6965406844, 7.85759180105, 8.00783223733
6.08031110291, 8.74037928896, 8.92638276048, 9.73860927096, 7.87892585706, 7.99935368322
6.03598695072, 8.76351734273, 8.94822338081, 9.7835869021, 7.89989367885, 7.9934302837
5.98851604185, 8.7792180692, 8.96519266787, 9.83061926646, 7.91985960032, 7.98955072831
5.93903222994, 8.78638412518, 8.97720121612, 9.87915579671, 7.93833586759, 7.98722755824
5.88923065533, 8.78193405031, 8.98236710568, 9.92888821657, 7.95462087527, 7.98595848633
5.84231402592, 8.76464735356, 8.97539590184, 9.97839985477, 7.96792312774, 7.98517696851
5.80098581422, 8.73650523356, 8.95619937714, 10.0245679546, 7.97881120241, 7.98361533196
5.76687035094, 8.69995205086, 8.92695751212, 10.0651254857, 7.98605848764, 7.98056779347
5.7407735295, 8.65730283151, 8.88992021658, 10.0987147509, 7.98962335208, 7.97612940149
5.72290549053, 8.61060451052, 8.84718927526, 10.1246775446, 7.98856463064, 7.97080717623
5.71309290339, 8.5615768333, 8.8006136014, 10.1428628849, 7.98581145768, 7.96636826633
5.71150326061, 8.51160210933, 8.75175091315, 10.1534665493, 7.98190893985, 7.96263202344
5.72133118887, 8.46257750504, 8.70186931615, 10.1569054852, 7.97739586974, 7.95973438644
5.71687445808, 8.41277652562, 8.65203492908, 10.1528392995, 7.97249657399, 7.95564416994
5.70106325411, 8.36534229928, 8.60421393583, 10.1382395528, 7.96424410174, 7.95042315271
5.67616200081, 8.32198416759, 8.56180164768, 10.1117594128, 7.95180183475, 7.94469840307
5.6441200264, 8.28360042264, 8.52766830605, 10.0752229244, 7.93566014256, 7.93893532768
5.60657980585, 8.25057419305, 8.50346786125, 10.0314697705, 7.91670269651, 7.93338346309
5.56488618976, 8.22297632398, 8.4897351271, 9.98339262404, 7.89763346989, 7.92573162629
5.52011997437, 8.20070558175, 8.48615974726, 9.93352062128, 7.87578262643, 7.91592865886
5.47314407628, 8.18358060002, 8.49186925048, 9.88384767519, 7.85185284442, 7.90478258957
5.42464983746, 8.17140238995, 8.50566672621, 9.83578906864, 7.82660977025, 7.89316692274
5.37519926945, 8.16401041298, 8.52620391288, 9.79020152688, 7.80081430326, 7.88182480283
5.32526901369, 8.16137042053, 8.55206695808, 9.74741013881, 7.77510676578, 7.87123479051
5.27532855938, 8.16380989256, 8.58169666755, 9.70713508057, 7.74986897975, 7.86153432049
5.22617219857, 8.17295604974, 8.6127833145, 9.66797361505, 7.72522657604, 7.85252565019
5.18041780951, 8.19311878473, 8.64153193814, 9.62706497735, 7.70039202673, 7.84301570198
5.14160145283, 8.22463529554, 8.6661755794, 9.5835599093, 7.67674645596, 7.83326811706
5.11193373549, 8.26488236435, 8.68674736735, 9.53798797122, 7.65523356108, 7.82404902013
5.09221110711, 8.3108281795, 8.70340428004, 9.49084407173, 7.63641441776, 7.81602797122
5.0824150781, 8.35985916782, 8.71633474579, 9.44254497178, 7.61965870377, 7.80925651325
5.08200884624, 8.40985751755, 8.72574496255, 9.39343847709, 7.60474199582, 7.80395375841
5.09015842236, 8.45918889103, 8.73184884278, 9.34381244918, 7.59136558402, 7.80015815458
5.10590793973, 8.50664363475, 8.73483202831, 9.29390152248, 7.57923048545, 7.79778743887
5.12836615735, 8.55131609228, 8.73254783626, 9.24395372507, 7.56812436103, 7.79641962946
5.15678468538, 8.59245472698, 8.72012660511, 9.19552116353, 7.55848595694, 7.79597269273
5.19056606458, 8.62931688128, 8.69710886304, 9.15113441382, 7.55137261564, 7.79591287389
5.22934168739, 8.66088349458, 8.66427047945, 9.11342976473, 7.54801510073, 7.79564222056
5.27405841776, 8.68325343032, 8.62304781134, 9.08513326965, 7.54918706799, 7.79456505018
5.3118913941, 8.71594388613, 8.57588143998, 9.06854009597, 7.55469202145, 7.7933185549
5.34719962181, 8.75134627384, 8.52603355723, 9.06464284238, 7.56290101612, 7.79514631749
5.38523676476, 8.78379894332, 8.47672471157, 9.07292763203, 7.57413626844, 7.7997409729
5.42592167342, 8.81286332371, 8.43043134114, 9.09182006053, 7.59109200504, 7.80483480532
5.46888950383, 8.83843216314, 8.38864701131, 9.11928039157, 7.61293977305, 7.80955072209
5.51373285418, 8.86054717907, 8.35200189524, 9.15329708553, 7.63638373475, 7.81390198246
5.56006423905, 8.87934618905, 8.32051451705, 9.192137078, 7.66038136737, 7.81779273765
5.60753530914, 8.89504642804, 8.29390324565, 9.23446721188, 7.68404648223, 7.82107418585
5.65578609986, 8.90815601214, 8.27181241411, 9.27932248093, 7.70702186354, 7.82613826038
5.69916547433, 8.93302024086, 8.25403769665, 9.32605640244, 7.72850558076, 7.83258163458
5.73571815785, 8.96713623898, 8.24084599051, 9.37428480578, 7.74738850958, 7.8414035235
5.76442632042, 9.00807328091, 8.23365321407, 9.42376474078, 7.76656639282, 7.85127215939
5.7849583619, 9.05366314023, 8.23540433418, 9.47373406715, 7.78550054896, 7.86183422455
5.79742538178, 9.1020839355, 8.24731083137, 9.52229573233, 7.8049416741, 7.87234457104
5.80213216287, 9.15186190464, 8.26876099068, 9.56746088112, 7.82423721549, 7.88269125687
5.79906443657, 9.20176770646, 8.29835474642, 9.60776236523, 7.84310478881, 7.891317949
5.81102659091, 9.25031569163, 8.33447370053, 9.64233722826, 7.86047614153, 7.89828712716
5.83256511082, 9.29543876954, 8.37556214731, 9.67082827145, 7.87799795014, 7.90392887746
5.86162607446, 9.33612611883, 8.42025261725, 9.69325062406, 7.89462878159, 7.90873099303
5.89663535228, 9.37182416452, 8.46740234009, 9.7098910458, 7.90976706258, 7.91328535873
5.93627912133, 9.40229335512, 8.5160749026, 9.72133576767, 7.92332846758, 7.91770852802
5.97945211503, 9.4275142317, 8.56541709166, 9.7294196021, 7.93543562356, 7.92142410871
6.02523285954, 9.44761705318, 8.61299178285, 9.74480299437, 7.94625476965, 7.92316963357
6.07286531849, 9.4628206335, 8.65733085232, 9.76791244955, 7.95565526254, 7.92390398238
6.12173419881, 9.47339572388, 8.69695836419, 9.79840278085, 7.9638448985, 7.92446328827
6.17134234214, 9.47964329262, 8.72811449985, 9.8375089851, 7.97039664674, 7.9229613433
6.22129235492, 9.48187851603, 8.74581292889, 9.88427185081, 7.97524064734, 7.92011269309
6.27127100154, 9.48041739249, 8.74856178801, 9.93419623137, 7.97823391782, 7.91637820874
6.32103526796, 9.47556787835, 8.73728796844, 9.98290866296, 7.98080148191, 7.91349753543
6.37038030795, 9.46750146476, 8.71405499741, 10.0271831371, 7.98371355229, 7.91155213366
6.41885941968, 9.45526317541, 8.68126592241, 10.0649306742, 7.98695795565, 7.910793808
6.46561026487, 9.43753301823, 8.64130519896, 10.0949829717, 7.99155559745, 7.90796253064
6.50969410805, 9.41394033354, 8.59634729233, 10.1168641652, 7.9971549936, 7.9028648202
6.55040882569, 9.38491772568, 8.54826751469, 10.1305876845, 8.00357225349, 7.89554998793
6.58734413622, 9.35121634831, 8.49861722741, 10.1364909864, 8.01066000166, 7.88633126589
6.62032786025, 9.31363877589, 8.44864208299, 10.1349146172, 8.0181263963, 7.87575184461
6.64935455949, 9.27292697501, 8.39963651588, 10.1249921986, 8.02620032241, 7.86476528574
6.67452684606, 9.22972563256, 8.35372123686, 10.1051985846, 8.03549197963, 7.85386313603
6.69602179003, 9.18458178045, 8.31341290038, 10.0756141629, 8.04265846932, 7.84371205833
6.71409143533, 9.13796109922, 8.28062867108, 10.0378624171, 8.04733992722, 7.83446923739
6.72911114479, 9.09027034196, 8.25635741883, 9.99414850266, 8.04941434951, 7.8264110921
6.74172605539, 9.04188786548, 8.24075232348, 9.94664607115, 8.0490215843, 7.81974820317
6.75334654722, 8.9932569682, 8.23340532713, 9.89718880025, 8.0464144319, 7.81462585812
6.76701439802, 8.94516133582, 8.23372744549, 9.84718983786, 8.04328666568, 7.80852888428
6.78373281842, 8.89803921342, 8.24159648809, 9.79781293872, 8.04063962539, 7.80221240109
6.80321942429, 8.85199279997, 8.25960703247, 9.75116939371, 8.0385970855, 7.79558561057
6.82624757979, 8.80761145192, 8.2902479356, 9.71165819207, 8.03739096723, 7.78865639295
6.8574988479, 8.76858122977, 8.3306690549, 9.68222805251, 8.03856064145, 7.78423428009
6.8959953109, 8.73667476747, 8.37718769943, 9.66389732118, 8.03949583342, 7.78202899197
6.93967825106, 8.71234781248, 8.42661439948, 9.65634739919, 8.03978001157, 7.78201149563
6.98668437396, 8.69530596956, 8.47656699508, 9.65852413816, 8.03801676577, 7.78243353421
7.03557766482, 8.68484432014, 8.52544199725, 9.66907089897, 8.03424867073, 7.78277505011
7.08534951465, 8.68007326523, 8.57227182373, 9.68659138275, 8.02877434017, 7.78268792617
7.13534948944, 8.68002306095, 8.61653577815, 9.70984438985, 8.0219491611, 7.78196534255
7.18519079232, 8.68400357942, 8.65797876419, 9.7378172143, 8.01422411529, 7.78037383489
7.23189628969, 8.70185285154, 8.69642196775, 9.76978782736, 8.00657447878, 7.77740364099
7.27204861034, 8.73164867586, 8.73127828451, 9.80563524264, 7.99947537595, 7.77454595354
7.30374407428, 8.7703190465, 8.77585503367, 9.82828283488, 7.99285315051, 7.77242371427
7.32582105942, 8.81518113213, 8.82464867435, 9.83919982299, 7.98797350149, 7.76973456854
7.36024778256, 8.85144131324, 8.87464861474, 9.8391226156, 7.98418992118, 7.76692215196
7.40082977695, 8.88064921853, 8.9236233189, 9.82904896916, 7.98328878425, 7.76298042271
7.44555248067, 8.90300720976, 8.96993658792, 9.8102053731, 7.98418635434, 7.75813274604
7.49308898031, 8.91850821624, 9.01245678821, 9.78389886122, 7.98633427159, 7.75238161816
7.54230742739, 8.92731414985, 9.05044863994, 9.75139318168, 7.9891047782, 7.74631413751
7.59224958116, 8.92971857838, 9.08327259814, 9.71367597384, 7.99204086587, 7.73981526312
7.64211840602, 8.92609914366, 9.10910257518, 9.67086461686, 7.99578852833, 7.73477572197
7.69122845028, 8.91670746903, 9.1206332188, 9.6222123378, 8.00040273799, 7.73071577676
7.73746021366, 8.89766477871, 9.1461691542, 9.57922494426, 8.00516208051, 7.72768396325
7.78697002323, 8.89068059968, 9.18208908152, 9.54444335687, 8.01475066979, 7.72422410797
7.83690098046, 8.89330729148, 9.22516517999, 9.51905734221, 8.02868548632, 7.722644024
7.88582351872, 8.90363130476, 9.27262183039, 9.50331357096, 8.04558231063, 7.72274332164
7.93305766221, 8.92003056356, 9.32220241468, 9.49685093518, 8.06427142737, 7.72430799959
7.97836442681, 8.94117996264, 9.37215781738, 9.49896227154, 8.08368432127, 7.72699110156
8.02174707151, 8.9660384851, 9.42118361395, 9.50878425047, 8.10272778806, 7.72980162668
8.06333193129, 8.99379995907, 9.46833052417, 9.52543263948, 8.12143625929, 7.73435508073
8.10332777865, 9.02380549513, 9.51289397271, 9.54810639203, 8.13985453052, 7.73977303596
8.14197657835, 9.05552725866, 9.55425207937, 9.57620455947, 8.15788678691, 7.74595523829
8.17955592167, 9.08850896503, 9.59146259447, 9.60960182831, 8.17523063923, 7.75308598663
8.21635280934, 9.12236142518, 9.62152692163, 9.64955350203, 8.19296628433, 7.76059265574
8.25262199522, 9.15677866149, 9.66344242518, 9.67681318952, 8.21091042261, 7.76948778707
8.28854774553, 9.19155423431, 9.71152049158, 9.69054270264, 8.23076700368, 7.77861865288
8.32422451531, 9.22658519345, 9.76151612084, 9.69120380414, 8.25124734766, 7.78852772279
8.35967079876, 9.26184935358, 9.81023617138, 9.6799629556, 8.27149007876, 7.79878799808
8.39486091108, 9.2973691508, 9.85528663624, 9.65827296677, 8.29168442367, 7.81095225509
8.42975842518, 9.33317646164, 9.89490855692, 9.62777537011, 8.31290600796, 7.8238265975
8.46434167866, 9.36928738214, 9.92785778925, 9.5901675506, 8.33445345106, 7.83710840225
8.49854447991, 9.40575885573, 9.95329940472, 9.5471242677, 8.35471148855, 7.85050124903
8.53235745214, 9.44259203248, 9.97071931011, 9.50025693477, 8.37287201642, 7.86404959562
8.56589087014, 9.47967989946, 9.97985525272, 9.4510986745, 8.38832139798, 7.87751528731
8.59824024314, 9.51780493148, 9.98064341467, 9.40110488688, 8.40096444514, 7.89028618869
8.61915950513, 9.56321841492, 9.97316764774, 9.35166691657, 8.41411583475, 7.90011274209
8.62835922869, 9.61236477884, 9.9574088734, 9.30421524609, 8.42767084975, 7.9071902619
8.62671994653, 9.66233789915, 9.93371417343, 9.26018615124, 8.44109978094, 7.91106446234
8.61525617344, 9.71100597808, 9.90302038969, 9.22071601519, 8.45388966911, 7.9116748876
8.59488274499, 9.75666693967, 9.86659850783, 9.18646040949, 8.46711614714, 7.91173163788
8.56641954777, 9.79777468108, 9.82577331443, 9.15759341131, 8.47982261025, 7.9113623086
8.53080309438, 9.83286696297, 9.78174969586, 9.13388853821, 8.49111851372, 7.91053714952
8.4892971458, 9.86074627845, 9.73553124116, 9.11481356915, 8.5002618879, 7.90928065351
8.44345178413, 9.88070129822, 9.68789974085, 9.09960698576, 8.50678292067, 7.90775677051
8.39487719288, 9.89255495102, 9.63941061825, 9.0874084207, 8.51053746989, 7.90620515806
8.34503762432, 9.89655712618, 9.59019784622, 9.07857082667, 8.51155879824, 7.90488409966
8.295148367, 9.89323116716, 9.54029350601, 9.07547941456, 8.50997029312, 7.9042716883
8.24615612266, 9.88324317461, 9.49049668938, 9.07998241945, 8.50637644556, 7.90496665602
8.19875221591, 9.86734129974, 9.44199903792, 9.09214703221, 8.50108559515, 7.90682228972
8.15335901204, 9.84637806901, 9.39578815819, 9.11124034503, 8.49412646856, 7.90947097116
8.11005359729, 9.82138524897, 9.35253820681, 9.13632902187, 8.48546587831, 7.91256768365
8.06844122676, 9.79366502858, 9.31269284878, 9.16653411156, 8.47529173897, 7.91590718725
8.02764377307, 9.76475883941, 9.2765581895, 9.20109256058, 8.46388737916, 7.91937080579
7.98671389683, 9.73604046148, 9.24441793921, 9.23939405287, 8.45158117445, 7.92273989105
7.945145563, 9.70825424866, 9.21684491803, 9.28110410565, 8.43899127316, 7.92569466956
7.90365581732, 9.68035082587, 9.19777457885, 9.32732447089, 8.42630090573, 7.92608378569
7.86959744527, 9.64374444264, 9.19369957132, 9.37715813736, 8.41434323847, 7.92379678675
7.84439024518, 9.60056346229, 9.20420205626, 9.42604267285, 8.40425236304, 7.91808502785
7.82830464399, 9.55322158406, 9.22814602073, 9.46993671078, 8.39556120742, 7.91011369755
7.82101099077, 9.50375641831, 9.26388093748, 9.50490835251, 8.38859707576, 7.90096637823
7.82185019756, 9.45376346149, 9.28709856379, 9.54919087534, 8.38345294325, 7.89084831286
7.83000293375, 9.40443261016, 9.29857910869, 9.59785500061, 8.37769354116, 7.88188200458
7.84460442744, 9.35661215029, 9.29968114671, 9.64784285426, 8.37126783229, 7.8737805216
7.86481142244, 9.31087729102, 9.29168756044, 9.69719974414, 8.36415917606, 7.86643102285
7.88983570961, 9.26759005212, 9.27562132137, 9.74454819672, 8.35638547878, 7.85984016129
7.91895546481, 9.22694475894, 9.25223985379, 9.7887444293, 8.34801809258, 7.85408169868
7.95150795845, 9.18899301118, 9.22213055314, 9.82866222, 8.33922886352, 7.84936802125
7.98685004534, 9.15362442492, 9.18585792446, 9.86307582789, 8.33035542018, 7.84625315086
8.02419256308, 9.12037481788, 9.14405619779, 9.89050966918, 8.32181575658, 7.8452750801
8.06139109523, 9.0869642027, 9.09741885548, 9.90853626904, 8.31387547734, 7.84619511399
8.09351025967, 9.04864502636, 9.0475870431, 9.91263388727, 8.30659431165, 7.84813259858
8.11963452416, 9.00601261141, 9.00092310058, 9.93059151707, 8.29992742056, 7.84939993413
8.14011790395, 8.96040086783, 8.96003737885, 9.95937272203, 8.29431304168, 7.85290245993
8.15556954481, 8.91284829908, 8.92886854033, 9.99846880246, 8.28964600453, 7.8585330675
8.16669113581, 8.8641008867, 8.88988075712, 10.0297729996, 8.28590330177, 7.86622147394
8.17418395902, 8.81466549856, 8.8457523223, 10.0532821732, 8.28104910371, 7.87398140816
8.17793851395, 8.76480666467, 8.79832083971, 10.0691016061, 8.27643229769, 7.88443226206
8.19619579471, 8.71825914379, 8.7490366074, 10.0775315792, 8.27180013894, 7.89697638985
8.22566854814, 8.67786908554, 8.69905909156, 10.0790308826, 8.26881412599, 7.91134205065
8.26367676324, 8.64538254087, 8.64929522687, 10.0741772478, 8.26700014331, 7.92720362756
8.30802730214, 8.62229510492, 8.6003977808, 10.063735037, 8.26587149253, 7.94420165924
8.35656794032, 8.61030317239, 8.5526953081, 10.0487525773, 8.26476887771, 7.96207204218
8.40656540788, 8.61080639901, 8.5060018065, 10.0308719478, 8.2630603644, 7.98064353602
8.45483153819, 8.62385939349, 8.45926307756, 10.0131098754, 8.26058144667, 7.99970626957
8.49856312338, 8.64809879235, 8.41135423112, 9.99880105182, 8.25735258041, 8.01898842525
8.53586780471, 8.68139084472, 8.36225066067, 9.98937558796, 8.25324603764, 8.03761964745
8.56578039636, 8.721456252, 8.31242553126, 9.98519749282, 8.24908452082, 8.0582534932
8.58799174484, 8.76625196607, 8.26243545466, 9.98619360609, 8.24469772875, 8.08032991364
8.60247757844, 8.81410758878, 8.21278386263, 9.99208592386, 8.23989114659, 8.10319551615
8.6091541384, 8.86365981927, 8.16387664567, 10.0024822756, 8.23421235445, 8.12608072253
8.6076919841, 8.91363843575, 8.11600469393, 10.0169140543, 8.22711712425, 8.14802837702
8.62341170207, 8.96110305907, 8.06927453821, 10.0346986697, 8.21890946803, 8.16855977198
8.65441726231, 9.00032875516, 8.02357693856, 10.0549897857, 8.21261404157, 8.18726739282
8.69692522933, 9.02665502988, 7.97856878635, 10.0767674402, 8.20843187934, 8.20357450475
8.74542578054, 9.03880807609, 7.93333379365, 10.098069915, 8.20518491913, 8.21705752898
8.79540066248, 9.03722340745, 7.8855666818, 10.1128449963, 8.20210807791, 8.22732852035
8.84346136206, 9.02343322414, 7.83587754325, 10.1184118186, 8.20132034356, 8.23398075638
8.887380824, 8.9995359259, 7.78616449041, 10.1130627648, 8.20253301695, 8.23763881703
8.92595312997, 8.96772119327, 7.73948881967, 10.0951356412, 8.2054355263, 8.23882344118
8.95869523589, 8.92993290805, 7.69904182281, 10.0657410763, 8.20958508398, 8.23780046138
8.98558508045, 8.88777918627, 7.66698893407, 10.027366445, 8.21444311179, 8.23529062912
9.00684754263, 8.84252537205, 7.64438020726, 9.98276997126, 8.22050409064, 8.23308532352
9.02275112105, 8.79512203679, 7.63139237843, 9.93448626487, 8.22778350919, 8.23171774514
9.03307001679, 8.74619841887, 7.62761194221, 9.88462938669, 8.23577303096, 8.23203131371
9.05657094009, 8.70206558977, 7.63227523818, 9.83484732496, 8.24437389982, 8.23395690475
9.0891820567, 8.6641642036, 7.64444700916, 9.78635146955, 8.2550260102, 8.23759686563
9.12831523435, 8.63304195421, 7.6631419747, 9.73997800448, 8.2668308391, 8.24259486451
9.17204752635, 8.60880383059, 7.68740093464, 9.69625726726, 8.27908903224, 8.24857134452
9.2189362303, 8.59144153115, 7.71633323759, 9.65547832851, 8.29125240986, 8.25514873845
9.26786768223, 8.58115984782, 7.7491351652, 9.61774195951, 8.30328679022, 8.26215067134
9.31781954429, 8.57896634006, 7.78509027993, 9.58299674797, 8.31550254823, 8.26932060809
9.36718354113, 8.58691591967, 7.82355151843, 9.55104783354, 8.32771416658, 8.27615931012
9.41344667114, 8.60588227941, 7.86388597687, 9.52149903556, 8.33948809378, 8.28257228683
9.4542560584, 8.63477161848, 7.90548199109, 9.49375427747, 8.35224409691, 8.28777223532
9.48803926211, 8.67163210066, 7.94788513177, 9.46725949195, 8.36844942372, 8.29196889738
9.51400756087, 8.71435969665, 7.99303593356, 9.44577914981, 8.38667340133, 8.29557187262
9.53194135926, 8.76103280321, 8.04143175237, 9.4332155229, 8.40829051377, 8.29823772564
9.54168561181, 8.81007410766, 8.09130644192, 9.42967781982, 8.43251544861, 8.30045189635
9.567615328, 8.85282512891, 8.14103555823, 9.43487541452, 8.45828808819, 8.30192098585
9.60616097158, 8.88467215956, 8.18909680877, 9.44866367753, 8.48676615135, 8.30180570873
9.65183333299, 8.90502001948, 8.23374290323, 9.47117425835, 8.51614107044, 8.30122401179
9.70112508061, 8.91340593721, 8.27258235115, 9.50266230824, 8.54528299853, 8.30039440817
9.75090360726, 8.90870505597, 8.30272562432, 9.54255445136, 8.57335669071, 8.29952161486
9.79763457958, 8.89092258635, 8.34469495218, 9.56973119727, 8.59948856318, 8.29898978221
9.8385271477, 8.86215110962, 8.39305456943, 9.58243345771, 8.6249192373, 8.29729290695
9.87161741799, 8.8246673263, 8.44304946199, 9.58171881285, 8.64831928622, 8.29463833078
9.89548589887, 8.78073219662, 8.4915371629, 9.56951459796, 8.66889049884, 8.2916135109
9.90899205965, 8.73259090851, 8.53663432396, 9.54792186623, 8.68659863253, 8.28891868698
9.91086963807, 8.68262617395, 8.57728867759, 9.51881476175, 8.70120844103, 8.28712962137
9.89890095889, 8.63407979696, 8.61278133301, 9.48359727445, 8.71182058917, 8.28633706914
9.90116941399, 8.58413128236, 8.64161304691, 9.44274715482, 8.71932233255, 8.28314888684
9.91565022572, 8.53627413982, 8.65745290589, 9.39532248965, 8.72448105623, 8.27518406505
9.94045952282, 8.49286332576, 8.68692651754, 9.35493305766, 8.7280778405, 8.26167193315
9.97382576143, 8.45562498368, 8.72597072453, 9.32369926345, 8.73461808119, 8.24522987139
10.0136151457, 8.42534619739, 8.7712355042, 9.30246015516, 8.74502420714, 8.22878301846
10.0578906019, 8.40211509805, 8.81995203598, 9.29120406651, 8.75541305167, 8.21102278126
10.1050981936, 8.38563956204, 8.86991815695, 9.2893637526, 8.76521334655, 8.19223081027
10.1540598465, 8.37550267157, 8.91946892243, 9.29605117663, 8.77413704035, 8.17263129308
10.2038863566, 8.3713410741, 8.96741349619, 9.31023982868, 8.78205523712, 8.15248614608
10.253859003, 8.37299474022, 9.01294694272, 9.33089667373, 8.78890155518, 8.13203214693
10.3032647979, 8.38068027366, 9.05554208692, 9.35708166352, 8.79459969569, 8.11156035321
10.3511038817, 8.39522063331, 9.09472444262, 9.38814197584, 8.79895834794, 8.09160404845
10.3957012946, 8.41782750767, 9.14105637262, 9.40693964225, 8.80137957141, 8.07301790146
10.4354763006, 8.44812517917, 9.19046089582, 9.41463334667, 8.80468420289, 8.05600864439
10.4694260376, 8.48483233593, 9.24034760111, 9.41126932587, 8.80780466317, 8.04112039193
10.4968493275, 8.52664098536, 9.28839421338, 9.3974301406, 8.80876783193, 8.02561729179
10.5174050152, 8.57222018791, 9.33267535869, 9.37420988716, 8.80753539782, 8.00940585525
10.5311310679, 8.62029924238, 9.37101648637, 9.34211692954, 8.80442774038, 7.99244391443
10.5385010654, 8.66975309093, 9.40082660499, 9.30197522022, 8.80196435401, 7.97637998738
10.5403354379, 8.71971943037, 9.4204563318, 9.25598963742, 8.80006385719, 7.96215364688
10.5382262959, 8.76967492577, 9.42961686331, 9.2068359533, 8.79897691402, 7.95077502631
10.5366015458, 8.81964852067, 9.42899195752, 9.15683985852, 8.79788824547, 7.93961719189
10.5393643622, 8.86957213077, 9.41979153235, 9.10769362594, 8.79687699722, 7.9292808038
10.5465622261, 8.91905132594, 9.40341517111, 9.06045153886, 8.79613534019, 7.92006955718
10.5571796657, 8.96791102279, 9.38122929345, 9.01564320445, 8.79545796969, 7.91200954961
10.5697904859, 9.0162945656, 9.35446208451, 8.97341150396, 8.79448142111, 7.90503506074
10.5824751638, 9.0646587977, 9.32419020863, 8.93361686198, 8.79274679421, 7.89926218043
10.592131397, 9.11371750906, 9.29142615171, 8.89584760763, 8.79212967298, 7.89564601398
10.5947427513, 9.16364927079, 9.25769324756, 8.85894108818, 8.79181725112, 7.89406965004
10.61427429, 9.20967664304, 9.23170646933, 8.81622472882, 8.78713726586, 7.89481587951
10.6483702212, 9.24624804543, 9.21498850071, 8.76910244614, 8.78148220151, 7.89510918514
10.6929180725, 9.2689524271, 9.20751200309, 8.71966458632, 8.77742443847, 7.89363453102
10.7424844833, 9.27552288501, 9.20877478404, 8.66968053502, 8.77473062009, 7.89027443283
10.7916385823, 9.26636457948, 9.21798442545, 8.62053602867, 8.77287584786, 7.88497449116
10.835730727, 9.24278741314, 9.23421298966, 8.57324296677, 8.77208095142, 7.87767022314
10.8849183474, 9.23381088819, 9.25692742298, 8.52870023988, 8.77172421489, 7.86881023106
10.9347661705, 9.23770890406, 9.2908398159, 8.49195857951, 8.77076803971, 7.86082585364
10.9822679743, 9.25331591013, 9.3135630464, 8.44742033981, 8.77185888464, 7.85415703365
11.0250428665, 9.27920622875, 9.32527077669, 8.39881037116, 8.77360642395, 7.84867619278
11.0611953866, 9.31374599265, 9.32687024083, 8.34883596057, 8.77626255478, 7.84712063341
11.0893583334, 9.35506001484, 9.319678548, 8.29935586806, 8.77813283202, 7.84972157786
11.1087984494, 9.40112607491, 9.30517673675, 8.25150508468, 8.77901329011, 7.85667265393
11.1194313509, 9.44998240924, 9.29428505929, 8.20270578794, 8.77862337282, 7.86776170418
11.1217248861, 9.4999297785, 9.29136003626, 8.15279141886, 8.77701039558, 7.88245869595
11.1165441129, 9.5496606501, 9.29575386105, 8.10298484998, 8.77431431799, 7.89965625238
11.1049315277, 9.598293436, 9.30650931652, 8.05415534888, 8.77299232898, 7.91635974725
11.0877630377, 9.64525345039, 9.32260259512, 8.00681607994, 8.77297843852, 7.93138059193
11.0655319446, 9.69003936891, 9.34306174143, 7.9611934613, 8.7741030656, 7.94441191247
11.0599592367, 9.73972784772, 9.36703265201, 7.91731413307, 8.77573805412, 7.9533211297
11.0717170648, 9.78832572295, 9.39378448537, 7.87507269119, 8.77997486849, 7.95911192816
11.0993872614, 9.82997137364, 9.42112552551, 7.8332102077, 8.78647988602, 7.96156493422
11.1396323924, 9.85964171967, 9.4367922921, 7.78572808027, 8.79443285616, 7.96045858276
11.1872326931, 9.87494568544, 9.44095427512, 7.7359016024, 8.80108307563, 7.95507125624
11.2372236871, 9.87589464327, 9.43460685441, 7.68630613637, 8.8082615469, 7.94700123338
11.2857359114, 9.86378827745, 9.41914381443, 7.63875727314, 8.81510037914, 7.93694068677
11.3300240076, 9.8405812842, 9.39576257671, 7.59456091896, 8.82098053397, 7.92569633332
11.368328435, 9.80844453205, 9.36293421388, 7.55684754476, 8.82581666942, 7.91448193883
11.399676753, 9.76949221556, 9.32011285924, 7.5310341454, 8.82941734472, 7.90410313435
11.4236830582, 9.72563224167, 9.27163456371, 7.51879262333, 8.83196491307, 7.89515247027
11.4403727538, 9.67849993788, 9.22164333099, 7.51972891998, 8.83427036978, 7.88782357236
11.4500416557, 9.62944372181, 9.17324619141, 7.53228745813, 8.83840760868, 7.87959645985
11.4531490533, 9.57954037442, 9.12840024864, 7.55439721655, 8.84115925813, 7.87015945694
11.4502402136, 9.52962505962, 9.08807132301, 7.58395356539, 8.84243566725, 7.86215335792
11.4418925742, 9.48032681507, 9.05249162408, 7.61908311171, 8.84454950102, 7.85562098642
11.4286800551, 9.43210410942, 9.02142597662, 7.65826123759, 8.84721819952, 7.85081665749
11.4111507048, 9.38527760114, 8.99437067152, 7.70030895413, 8.85004291938, 7.84797144044
11.3898138383, 9.34005882044, 8.97062316308, 7.7443095887, 8.85251731387, 7.84704958934
11.3651337222, 9.29657443394, 8.94909048051, 7.78943545248, 8.85427306492, 7.84774166817
11.3375276209, 9.25488626811, 8.92724484353, 7.83441064725, 8.85498318479, 7.8525025431
11.3073666273, 9.21500752107, 8.90068879429, 7.8767754469, 8.85489578815, 7.86103500197
11.2749781691, 9.17691568759, 8.86834251613, 7.91490310469, 8.85404572053, 7.87195316209
11.2406494281, 9.1405627298, 8.83087446637, 7.948011189, 8.85187168528, 7.8841060995
11.2046311633, 9.10588298646, 8.7891383479, 7.97554473972, 8.85059643635, 7.89906098858
11.1671113407, 9.07283358532, 8.74337525184, 7.99568770472, 8.84975669974, 7.91603150661
11.1282230878, 9.04140583034, 8.69411943194, 8.0042821335, 8.84692557715, 7.93343329757
11.0880766954, 9.0116020188, 8.64432903285, 7.99970871477, 8.842413411, 7.95066686699
11.0467783509, 8.98341608726, 8.59715022189, 7.98315094328, 8.83607771093, 7.96739008738
11.0044400794, 8.95681776455, 8.5546483088, 7.95681489606, 8.82752834219, 7.9839423317
10.9611809199, 8.93174496823, 8.5178182051, 7.9229985766, 8.81658643713, 8.00078383884
10.9171206897, 8.90810821482, 8.48682846501, 7.88376038081, 8.80339005173, 8.01799972454
10.8723708092, 8.88580466806, 8.46120507801, 7.84082505691, 8.78822579158, 8.03545292459
10.8270269208, 8.86473497925, 8.43974078295, 7.79566662428, 8.77147051631, 8.05293585869
10.781165386, 8.84481715746, 8.4199241077, 7.74976129363, 8.75344336128, 8.07028034933
10.7348430264, 8.82599591932, 8.39859524354, 7.70453873782, 8.73417717183, 8.08741345034
10.6879331645, 8.80869086654, 8.37401313704, 7.66099887057, 8.71350458157, 8.10413183739
10.63992473, 8.79471981724, 8.34567691008, 7.61980350382, 8.69170068357, 8.11956795487
10.590645159, 8.78626263791, 8.31353965716, 7.58149949653, 8.66872327559, 8.13348889187
10.5406855269, 8.78425386631, 8.27806960851, 7.54625924045, 8.64591867744, 8.14573944261
10.4908790181, 8.78864837201, 8.23975227958, 7.51413787212, 8.62324294739, 8.15628413307
10.4419417068, 8.79890213022, 8.19805078617, 7.48655190743, 8.60039024162, 8.16513486863
10.3943448307, 8.81421674386, 8.15152345091, 7.46824324627, 8.57746918735, 8.17115283104
10.348276442, 8.8336513409, 8.1019684973, 7.461586928, 8.55281487364, 8.17657350692
10.3037035084, 8.85630644153, 8.05223444979, 7.46673712392, 8.52729899459, 8.18277274329
10.2604678659, 8.88141976909, 8.00499851718, 7.48313122866, 8.50152868105, 8.18953691642
10.2183760674, 8.90840644175, 7.96263372839, 7.50968729522, 8.47604871159, 8.19659953947
10.1772789101, 8.93688491881, 7.927064793, 7.54482773966, 8.45127007489, 8.20439920403
10.1371033959, 8.96664946256, 7.89956431912, 7.5865856603, 8.42773903713, 8.21295823467
10.097826339, 8.99758993442, 7.88069689765, 7.63288922827, 8.40599386159, 8.22170477355
10.0594455634, 9.02963546559, 7.87053818196, 7.68184635743, 8.38647514465, 8.22990944571
10.0219977785, 9.06276646926, 7.8693072937, 7.73183120428, 8.36595847548, 8.23886025702
9.98555603113, 9.09700094088, 7.88103599056, 7.78043611833, 8.34548834497, 8.24831676915
9.95025183592, 9.13240734992, 7.87951293435, 7.83041291594, 8.32606766475, 8.25777390913
9.9163392891, 9.16914886823, 7.86689003386, 7.87879330849, 8.30568450343, 8.2672955047
9.88439490137, 9.20761386651, 7.84502036176, 7.92375682083, 8.28269575553, 8.2773270088
9.85563863571, 9.24851713271, 7.8156531678, 7.96422369518, 8.25829098265, 8.28753152818
9.83173813852, 9.29243485389, 7.78038399455, 7.99966499056, 8.23350888406, 8.29748227361
9.81380123928, 9.33910676885, 7.74060277031, 8.02995449696, 8.20917792275, 8.30677515566
9.80205759203, 9.38770807283, 7.69734495945, 8.05502962009, 8.18589129814, 8.31496724583
9.79614405292, 9.43735714186, 7.65057121857, 8.07269928799, 8.16410734678, 8.32131440081
9.79534016704, 9.48735067912, 7.60092755594, 8.07865804292, 8.14427156158, 8.32442737761
9.79880700435, 9.5372303447, 7.55117833577, 8.0736565339, 8.12643684318, 8.32666331133
9.80572174717, 9.58674989975, 7.50334538996, 8.05909599494, 8.11024746916, 8.33088114483
9.81529147571, 9.63582555864, 7.45912342192, 8.03576323807, 8.09596016913, 8.33711163022
9.82672167911, 9.68450153269, 7.42113310116, 8.00325576927, 8.08174916212, 8.34339656657
9.83928211475, 9.73289817986, 7.39312321727, 7.96183782141, 8.06935499023, 8.35214761347
9.8523157476, 9.78116954212, 7.37632713124, 7.91474332604, 8.05865965713, 8.36271573584
9.86525995229, 9.82946496183, 7.37030238065, 7.86510762941, 8.04941819862, 8.37473694772
9.87767556922, 9.87789896286, 7.37398975384, 7.81524378199, 8.04124999167, 8.38782970329
9.88927544851, 9.92653478095, 7.38606305501, 7.76672331828, 8.0342921962, 8.40301605806
9.89992823908, 9.97538678247, 7.40525578723, 7.72055364176, 8.02866630241, 8.41963225963
9.90956656726, 10.0244490147, 7.43094123848, 7.67765541809, 8.02485719449, 8.4371935699
9.91799711723, 10.0737331483, 7.46292863847, 7.63922618128, 8.02278198356, 8.45531728858
9.92447502543, 10.1233117395, 7.50019360911, 7.60588968532, 8.02268852033, 8.47360756378
9.92606876435, 10.173286333, 7.54173895337, 7.57806911074, 8.02485825463, 8.49189572123
9.91816718723, 10.2226580362, 7.58661590776, 7.55602236574, 8.02890328497, 8.51137991958
9.90024139392, 10.2693342179, 7.63393631299, 7.53987370484, 8.0360177749, 8.53000256432
9.87341036894, 10.311525403, 7.6837921165, 7.53607912227, 8.04517413115, 8.54671433712
9.83924381544, 10.3480308358, 7.73313904859, 7.54413395266, 8.05543678272, 8.56105093036
9.79935205617, 10.3781746169, 7.77966723825, 7.56244044242, 8.06636226283, 8.57524258032
9.75501344683, 10.4012849549, 7.82190988161, 7.58919037853, 8.07719234282, 8.58866087011
9.70714365972, 10.415723912, 7.85906654758, 7.62264754777, 8.0875552951, 8.60088005665
9.65718451041, 10.4177446546, 7.89081304152, 7.66127603626, 8.09760758581, 8.61119472571
9.60866333017, 10.4056742334, 7.91713715428, 7.70378534215, 8.10757449986, 8.61895454681
9.56519168619, 10.3809716795, 7.93821119891, 7.74912720628, 8.11753827528, 8.62398130713
9.52909799733, 10.3463704421, 7.95430309412, 7.79646694549, 8.12743611346, 8.62638008149
9.50133876179, 10.3047840881, 7.96568322132, 7.84515465138, 8.13643604531, 8.62643024465
9.4818301049, 10.2587470128, 7.97220692868, 7.89472723698, 8.1446327522, 8.62450298085
9.4698501934, 10.2102034064, 7.97287671388, 7.94472275065, 8.15272130168, 8.62110597358
9.46436051322, 10.160505686, 7.96589544165, 7.99423297018, 8.16054708218, 8.61707719484
9.46419454373, 10.1105059614, 7.97626868403, 8.04314509386, 8.167756708, 8.61287737049
9.46810845633, 10.060659384, 8.0027452749, 8.0855595977, 8.17632139141, 8.60844427407
9.47467891025, 10.0110929726, 8.04213174665, 8.11636066657, 8.18723875812, 8.60451736859
9.48218921022, 9.96166023653, 8.08934652228, 8.13281560388, 8.201581012, 8.6011979682
9.48873230288, 9.91209020588, 8.13931023189, 8.13472026187, 8.21840589002, 8.59751788518
9.49246903181, 9.86223003283, 8.18798908206, 8.12330231344, 8.23693157108, 8.59305227323
9.49089543989, 9.81225480088, 8.23252902603, 8.10058242366, 8.25686824731, 8.5875434848
9.4764043435, 9.76440077153, 8.27118189218, 8.06886561522, 8.27737461953, 8.58087911406
9.44887250139, 9.72266352593, 8.30311068509, 8.0303876711, 8.29673108267, 8.57342274621
9.41128270008, 9.68969373918, 8.32814776245, 7.98710782871, 8.3143199502, 8.56585705402
9.36693936166, 9.6665924765, 8.34655362353, 7.94061885929, 8.33011123706, 8.55847456965
9.31873494858, 9.65331337416, 8.35878828076, 7.8921388308, 8.34428498009, 8.55126679248
9.26891145837, 9.6491157768, 8.36525052896, 7.84255819599, 8.35708454123, 8.54407678254
9.21905737562, 9.65293290052, 8.36581875585, 7.79256142491, 8.36890039074, 8.53658776024
9.17021535048, 9.66363133873, 8.35769013444, 7.74322659427, 8.37987193153, 8.5285506617
9.12302770335, 9.68016391139, 8.36205476926, 7.69341745894, 8.39011798904, 8.52111347258
9.07787050619, 9.70163080553, 8.37599171071, 7.64539911179, 8.40151213606, 8.51411535179
9.03495367508, 9.72728515424, 8.39753239597, 7.60027706753, 8.41338416781, 8.50742957907
8.99438181151, 9.75650713033, 8.42520058465, 7.55863008282, 8.42501863202, 8.50027614304
8.95617531856, 9.78876025261, 8.45799191508, 7.52088450495, 8.43727742505, 8.49433269702
8.92026260077, 9.82354928393, 8.49563565412, 7.48797631583, 8.44912887771, 8.48934694018
8.88647932808, 9.8604097029, 8.53899189893, 7.46307177737, 8.46057978895, 8.48511465222
8.85465284686, 9.89897231553, 8.58705757981, 7.44929896639, 8.47114415734, 8.48060850227
8.82487408266, 9.93913729036, 8.63698057194, 7.44652500605, 8.48116940013, 8.47914055723
8.80030906853, 9.98268680334, 8.6864538027, 7.45376375168, 8.48954015288, 8.48101954301
8.7879584172, 10.0311374113, 8.73259951852, 7.4730140221, 8.49612059397, 8.4865354371
8.78833660528, 10.081135981, 8.78179517405, 7.48194640573, 8.50132998128, 8.49590849437
8.80053268028, 10.12962573, 8.83179508007, 7.48184946205, 8.50604256327, 8.50634038598
8.82310415791, 10.1742410681, 8.88116637049, 7.47394530606, 8.51028394569, 8.51755912803
8.85445583491, 10.2131906811, 8.92900933365, 7.45941771588, 8.51425117023, 8.52978023515
8.89301297917, 10.2450237869, 8.97480298737, 7.43934431858, 8.51794044405, 8.54267700268
8.93719255762, 10.2684367074, 9.01826731853, 7.41462889999, 8.52129812214, 8.55594071552
8.98521270849, 10.2823674328, 9.05907752898, 7.3857407238, 8.52432470638, 8.56941293135
9.0350608617, 10.2862612255, 9.09673319752, 7.35284618585, 8.52708041908, 8.58311718354
9.08469629616, 10.2802343153, 9.13057667565, 7.31604103692, 8.52934558232, 8.59757626065
9.13232817938, 10.2650289314, 9.15999174308, 7.27560894808, 8.53109823499, 8.61275023449
9.1766514437, 10.2418891769, 9.18461127232, 7.2320902305, 8.532370459, 8.62842351674
9.21688507002, 10.2122032322, 9.20438173112, 7.18616497645, 8.5338742414, 8.64274886339
9.25258691294, 10.1771978267, 9.21950189982, 7.13850597417, 8.53499169579, 8.65482725452
9.2835447465, 10.1379344526, 9.23030362355, 7.08968668737, 8.53563125925, 8.66432115984
9.30970463615, 10.0953238885, 9.23711762056, 7.04015316897, 8.53606903546, 8.67103267178
9.33112516016, 10.050144677, 9.24008912241, 6.9902415453, 8.5366857172, 8.67435245768
9.34794713816, 10.003059424, 9.23839149573, 6.94027037298, 8.53738943939, 8.67383934509
9.36037134442, 9.95462762555, 9.22204382145, 6.89301835138, 8.53943102006, 8.6693420478
9.36845264968, 9.9052850222, 9.19199514156, 6.85305490762, 8.54170256964, 8.66120290537
9.3698623314, 9.85530489818, 9.15184615721, 6.8232545879, 8.54394215521, 8.65027380815
9.35753206094, 9.80684909945, 9.1052641495, 6.80508547791, 8.54582830887, 8.63737811903
9.33224155808, 9.76371685553, 9.0556574049, 6.79882681272, 8.54651316609, 8.62342059927
9.29680370211, 9.72844422643, 9.00590668379, 6.8038133696, 8.54838514446, 8.60906963488
9.25431437856, 9.70208787266, 8.95830625966, 6.81911695163, 8.55135614649, 8.59448393263
9.20749083942, 9.68455059285, 8.91586074184, 6.84554379436, 8.55509067036, 8.57983791676
9.15840645763, 9.67502570632, 8.88257198545, 6.88285141688, 8.55933761484, 8.56567085635
9.10847591557, 9.67239113425, 8.86099255264, 6.92795494312, 8.56412425817, 8.55252639104
9.05857118026, 9.6754761616, 8.85180482927, 6.97710355184, 8.56948700227, 8.54057734803
9.00918409667, 9.68328103023, 8.85435935592, 7.02703825314, 8.57765349227, 8.52927968211
8.96064932455, 9.69529668232, 8.86733531084, 7.07532515192, 8.58800516116, 8.51974725618
8.91358095666, 9.7121658478, 8.88917491622, 7.1203032759, 8.59950685886, 8.51249754281
8.86970319309, 9.73613962231, 8.91831215704, 7.16093603605, 8.61132723778, 8.50776314746
8.83078223765, 9.76752686857, 8.95329791421, 7.19665713339, 8.62294424353, 8.50486471801
8.79750641049, 9.80484602353, 8.99285638033, 7.2272369921, 8.63379781032, 8.50318735038
8.76961343538, 9.84634279376, 9.03590710402, 7.25266601469, 8.6444648349, 8.50453847639
8.7463697897, 9.89061166471, 9.0816046901, 7.27295716118, 8.65605228159, 8.5073013739
8.72668865489, 9.93657526915, 9.1292770938, 7.28803502329, 8.66799251937, 8.5108444258
8.7091799158, 9.983409488, 9.17832578598, 7.29774202054, 8.67943008434, 8.51378654183
8.6923540091, 10.0304933373, 9.22814416428, 7.30199985837, 8.689683502, 8.51584085153
8.67504217472, 10.0774006969, 9.27813439142, 7.30101132897, 8.69853140078, 8.5169253187
8.65665563555, 10.1238973116, 9.32780782013, 7.29530602609, 8.70384562651, 8.51739143296
8.63711856417, 10.1699223357, 9.37686454829, 7.28563972265, 8.70569949598, 8.51786175285
8.61669265094, 10.215559843, 9.42520365282, 7.272859622, 8.70404196097, 8.51871284321
8.59581633634, 10.2609930851, 9.47288286316, 7.25780329768, 8.69909268416, 8.52001218686
8.57497643102, 10.3064430394, 9.52006113837, 7.24124399976, 8.69387821779, 8.52169757819
8.55461186167, 10.3521079528, 9.56694498622, 7.22386859154, 8.68889034403, 8.52426827827
8.53505044301, 10.3981226341, 9.6137451369, 7.20626899222, 8.68443029531, 8.52819167052
8.516478608, 10.4445455481, 9.66064317175, 7.18893191266, 8.68004198781, 8.53386712214
8.49893595916, 10.491367076, 9.70776618147, 7.17221599346, 8.67499524289, 8.54129544614
8.48232850007, 10.5385284193, 9.75518198925, 7.15634963999, 8.67095306073, 8.54981049754
8.46653093292, 10.585967189, 9.80297525643, 7.1416593843, 8.66718272568, 8.55930529208
8.45145214546, 10.6336393, 9.85147943176, 7.12952081044, 8.66317305156, 8.56964847168
8.43702970319, 10.6815140654, 9.90147898057, 7.12973322335, 8.66099818112, 8.57855581297
8.42312423093, 10.7295415351, 9.94968048167, 7.14302289195, 8.66054494709, 8.58912098932
8.40946559387, 10.7776397849, 9.99320463748, 7.16763280582, 8.66188648951, 8.60099294727
8.3955821744, 10.825673634, 10.0302037479, 7.20126412796, 8.66508137077, 8.61362374508
8.38061253517, 10.8733801315, 10.0596667449, 7.24166130368, 8.66979709458, 8.62633325395
8.36240892496, 10.9199486678, 10.0812043924, 7.286784798, 8.67317631511, 8.63823074681
8.33634771038, 10.9626196544, 10.0948649161, 7.33488251201, 8.67499115571, 8.64920356049
8.30163350792, 10.9986047089, 10.0999717782, 7.38462102786, 8.67473932247, 8.65897874287
8.25995546133, 11.0262260852, 10.0926262789, 7.43407852112, 8.67223759895, 8.66729651773
8.21352008085, 11.0447667282, 10.0713715997, 7.47933599136, 8.66713204866, 8.67390138
8.16443711091, 11.0542988875, 10.0383702707, 7.51689810365, 8.65893170269, 8.67856595583
8.11444806689, 11.0553455384, 9.99679903496, 7.54467997477, 8.64721413039, 8.68164785549
8.06489960464, 11.0486410706, 9.94984893835, 7.56187556805, 8.63240917943, 8.68332085632
8.01679189391, 11.0350157938, 9.90030460949, 7.56861051258, 8.61599396042, 8.68404834765
7.97083525555, 11.0153183982, 9.85039531298, 7.56560017671, 8.59656818835, 8.68462477351
7.92750597933, 10.990366969, 9.80178906393, 7.5538770136, 8.57509713116, 8.68496236306
7.88709674353, 10.9609205148, 9.75565551105, 7.5345976127, 8.55227628411, 8.68512638286
7.84976038377, 10.9276639931, 9.71275345083, 7.5089185701, 8.52875991886, 8.68541802734
7.81576010595, 10.8910036452, 9.67351894754, 7.47792415526, 8.5051659971, 8.68616584256
7.78599323416, 10.8508298559, 9.63814375504, 7.44258868079, 8.48201885743, 8.68732590833
7.76300326533, 10.8064287148, 9.6066408972, 7.40376124271, 8.45980692956, 8.68823737811
7.75023178305, 10.7580873325, 9.57889249634, 7.36216765848, 8.43890557457, 8.68816870845
7.74914317771, 10.7080991845, 9.55467287208, 7.31842511853, 8.4197930524, 8.68723354014
7.75948006543, 10.6591793649, 9.53373970643, 7.27301804226, 8.40182661683, 8.68368874739
7.78001258254, 10.6135897198, 9.5158312757, 7.22633519628, 8.38528128311, 8.67805104942
7.80904942655, 10.5728851538, 9.50066254774, 7.17869162701, 8.37020115234, 8.6708031304
7.84477763823, 10.537906662, 9.48791942186, 7.13034276206, 8.35646429285, 8.66235862311
7.88546340119, 10.5088434775, 9.47724998174, 7.08149439415, 8.34350863481, 8.65301246756
7.92990031804, 10.4859227354, 9.46824991787, 7.03231107532, 8.33256383693, 8.64370692755
7.97722869129, 10.469797442, 9.46043887227, 6.9829249683, 8.32309789718, 8.63491980423
8.02647837106, 10.4611678973, 9.45322162213, 6.93344859717, 8.31497641894, 8.62737868372
8.07646923222, 10.460211968, 9.44580852691, 6.88400119057, 8.30819155411, 8.6215409381
8.12606612013, 10.4665482689, 9.43694051411, 6.83479389082, 8.30501581099, 8.61834147599
8.17436781195, 10.4794690493, 9.42427378348, 6.78642495518, 8.3042879822, 8.6172058428
8.22074812834, 10.498147011, 9.40531160706, 6.74016011037, 8.30499520483, 8.61751952202
8.26481389389, 10.5217734434, 9.37939216174, 6.69740286122, 8.30524198285, 8.61658025121
8.30633202668, 10.5496346108, 9.34709736273, 6.65923158986, 8.30520217752, 8.61371628112
8.34518752613, 10.5811028513, 9.30949635453, 6.62627458481, 8.30503365037, 8.60891275603
8.3813452907, 10.615637125, 9.26794460667, 6.5984635753, 8.30561509066, 8.60176577324
8.4148097831, 10.6527871957, 9.22451040305, 6.57369524964, 8.30754536039, 8.59262633939
8.44558496377, 10.6921938988, 9.18215450444, 6.54712500589, 8.30859604211, 8.58273377334
8.47363929778, 10.7335817514, 9.14189055399, 6.51748020374, 8.30899387112, 8.57222047271
8.49888891066, 10.7767379451, 9.10257626186, 6.48658705832, 8.30875580747, 8.56156656109
8.52108146767, 10.8215429717, 9.05995281359, 6.46044816665, 8.30773464924, 8.55138926054
8.53900057667, 10.8682217199, 9.01405992173, 6.44060270176, 8.30533501953, 8.54250733067
8.54408964227, 10.9179620598, 8.96587144856, 6.42726587105, 8.30113312108, 8.53483432108
8.53444114036, 10.9670222923, 8.91636831406, 6.42023453585, 8.29442271506, 8.52797663282
8.51176560288, 11.0115848326, 8.86638038179, 6.41913606982, 8.28586750913, 8.52379272196
8.47876039885, 11.0491435401, 8.81693855727, 6.4265863039, 8.27581312853, 8.52132595321
8.43816402165, 11.0783314513, 8.77217335519, 6.44885908285, 8.26476118073, 8.52022270739
8.39247039253, 11.0986315069, 8.73606599344, 6.48344605189, 8.25325522228, 8.52054459691
8.34380750685, 11.110117305, 8.71065951243, 6.52651008239, 8.24026422557, 8.52090789138
8.29390524815, 11.1132421372, 8.69632712829, 6.57441188575, 8.22754542592, 8.51979647485
8.24411387596, 11.1086793249, 8.69231380291, 6.62425055768, 8.21523880603, 8.51734273643
8.19545317907, 11.0971842574, 8.69727041916, 6.67400427066, 8.20317737981, 8.51381687724
8.14873121721, 11.079378127, 8.70966897963, 6.72244264076, 8.19150608687, 8.51004616045
8.10471682129, 11.055656134, 8.72810671832, 6.76891897659, 8.18023863067, 8.50663636523
8.0642849535, 11.0262407627, 8.75146636092, 6.8131267485, 8.16812893447, 8.50197751886
8.0284214221, 10.991401028, 8.77897213256, 6.85488117972, 8.15499728281, 8.49636206005
7.99801173169, 10.9517115995, 8.81025073969, 6.89388949596, 8.14267564232, 8.48904522402
7.97356124541, 10.9080976829, 8.84619688217, 6.92864398978, 8.13134625582, 8.48047355552
7.95505959618, 10.8616467521, 8.89016744129, 6.95244713937, 8.12121906167, 8.47082450863
7.94200807809, 10.8133802226, 8.93905312905, 6.96294425956, 8.11251371912, 8.45961994181
7.93364837487, 10.7640840223, 8.98898305951, 6.96029812189, 8.10473050168, 8.44645794299
7.9292968696, 10.7142737382, 9.03684105553, 6.94582013113, 8.0978390314, 8.43081410982
7.91574032254, 10.6661466145, 9.08043029106, 6.92132567163, 8.09416984827, 8.41181232329
7.89199529818, 10.6221446394, 9.11835729437, 6.88874435151, 8.09287273008, 8.3900900295
7.86022260979, 10.5835376934, 9.14984226393, 6.84990240651, 8.09377175276, 8.36692045057
7.82251583666, 10.5507017488, 9.17452860663, 6.80642155459, 8.09676032179, 8.34347805719
7.78066552327, 10.5233420838, 9.19230970002, 6.75969005859, 8.10150195086, 8.32067519277
7.736114049, 10.5006448122, 9.20312249429, 6.71087322256, 8.107507028, 8.29897568849
7.69007298115, 10.4811455796, 9.20592161632, 6.66095163489, 8.11427007609, 8.27851708436
7.64409703095, 10.4614933023, 9.22032910731, 6.61307236794, 8.12051779333, 8.25855382728
7.60079029916, 10.4365027644, 9.24350259083, 6.56876672878, 8.12714578301, 8.23775897671
7.56180789917, 10.4051918639, 9.27344525524, 6.52872379123, 8.13384282644, 8.2180366022
7.52828355394, 10.3680957957, 9.30845318593, 6.49302442444, 8.14011013247, 8.19873636453
7.50096656717, 10.3262176124, 9.34680854571, 6.46094847743, 8.14549135355, 8.17969830389
7.48023655264, 10.2807174311, 9.38521033564, 6.42892813188, 8.14987689489, 8.16136931781
7.46613107487, 10.2327483213, 9.42027877351, 6.3932882011, 8.15322355584, 8.14386818295
7.45839097727, 10.1833510452, 9.45133039487, 6.35409895754, 8.15553773666, 8.12716930574
7.45652496509, 10.1333858773, 9.47839497332, 6.31205720932, 8.15698001318, 8.11149263343
7.4598825708, 10.0834987399, 9.50174799944, 6.26784594185, 8.15744220822, 8.09704154262
7.46772201245, 10.0341171324, 9.52167796112, 6.22198968135, 8.15620899599, 8.08399327913
7.47926242887, 9.98546717056, 9.5382130215, 6.17480290589, 8.15262550443, 8.07259242365
7.49357717799, 9.93756009429, 9.55024293483, 6.12627166662, 8.14631620003, 8.0630812334
7.50923708376, 9.89007570368, 9.55191193127, 6.07629952987, 8.13806036393, 8.05562458974
7.5237637646, 9.84223246441, 9.54146563958, 6.02740295546, 8.12598812019, 8.04801870794
7.53457167733, 9.79341454739, 9.52014500065, 5.9821765212, 8.11074673698, 8.04011851363
7.54052952838, 9.74377077627, 9.48993426553, 5.94233544336, 8.09318526409, 8.0318122465
7.54148821284, 9.69377996787, 9.45280804883, 5.90884448886, 8.0731915372, 8.02236219815
7.53773257485, 9.64392121555, 9.41053028759, 5.88215009048, 8.05176159018, 8.01207076827
7.5297265467, 9.5945663423, 9.3646245908, 5.86233426341, 8.02986193701, 8.00127926805
7.51800477399, 9.54595975793, 9.31637012987, 5.8492381953, 8.0087331999, 7.98997766064
7.50313687872, 9.4982214537, 9.26681790873, 5.84256156591, 7.98844898213, 7.97855787669
7.48550619137, 9.45143300573, 9.21682177219, 5.84194001055, 7.96896524865, 7.96730985761
7.46525581927, 9.40571733632, 9.16707878013, 5.84700308677, 7.95081311736, 7.95599270658
7.44227919458, 9.36130928842, 9.1181748745, 5.8574150037, 7.93467444405, 7.94449390199
7.43167199751, 9.31244736695, 9.07062738223, 5.87288225877, 7.92067929112, 7.93297872146
7.43317287805, 9.26246989845, 9.02481927756, 5.89292265662, 7.90924440443, 7.92008722132
7.44611431796, 9.2141737378, 8.98094380153, 5.9169006174, 7.90019225707, 7.9065377927
7.46977996347, 9.17012901936, 8.93898561759, 5.94409456527, 7.8932147881, 7.89310692303
7.5033966816, 9.13311663951, 8.89876716847, 5.97380106878, 7.88813411084, 7.88093319358
7.54522995757, 9.10573093116, 8.86007017278, 6.0054640207, 7.88516989044, 7.870927677
7.59227756928, 9.08880396356, 8.82274137621, 6.03872903155, 7.88450998184, 7.86347339649
7.64182182168, 9.08206845663, 8.78799724498, 6.0746851902, 7.88605256827, 7.85874393461
7.69174896987, 9.08476658078, 8.76249777308, 6.11769422335, 7.88968119209, 7.85705533583
7.74049264316, 9.09590454803, 8.74800836426, 6.1655487637, 7.89564948077, 7.85875001994
7.78694113774, 9.11441231266, 8.74441969257, 6.21541981177, 7.90647367896, 7.864338674
7.83034797984, 9.13922855851, 8.75077830927, 6.26501384361, 7.92132739049, 7.87342831398
7.87026182222, 9.16934309299, 8.7657843361, 6.31270890791, 7.93906537647, 7.88552529018
7.90647051284, 9.20382396774, 8.78808296688, 6.35746123819, 7.95838804558, 7.90018754008
7.93895025701, 9.24183799435, 8.81641672956, 6.39865829988, 7.9780574994, 7.91849154069
7.96781813852, 9.28266256313, 8.84968608566, 6.43598322379, 7.99718682988, 7.93980525424
7.99325263146, 9.32571005515, 8.88695775529, 6.46931222982, 8.01541659582, 7.96310639688
8.01516512618, 9.3706527139, 8.92744924163, 6.49864547945, 8.03267091024, 7.98748198108
8.03281078772, 9.4174355166, 8.97050688241, 6.52406278794, 8.04895019274, 8.01217785526
8.0439258279, 9.46618442307, 9.01558580273, 6.54569357486, 8.06422470809, 8.03651721396
8.07104365712, 9.50819184311, 9.06223490339, 6.56368972464, 8.07834138135, 8.05953681105
8.11089346496, 9.5383910619, 9.11008825671, 6.57818305333, 8.09423034751, 8.08277476365
8.15809556175, 9.5548823341, 9.15886540544, 6.58917349288, 8.11163943487, 8.1057517814
8.20798703036, 9.55817495603, 9.20837969685, 6.59612582675, 8.12942805836, 8.12786871552
8.25724721853, 9.54960560005, 9.25837005744, 6.59710758457, 8.15044883203, 8.15020343096
8.30342149204, 9.53042393001, 9.30787268188, 6.59007265928, 8.1746888071, 8.17402679622
8.35289399712, 9.52318022647, 9.35511748041, 6.57370412202, 8.20067517702, 8.19785980813
8.40289218866, 9.5236054831, 9.39724732059, 6.54677687622, 8.22779030198, 8.22285350855
8.4524189697, 9.53046827841, 9.44587048991, 6.53512409093, 8.25441843028, 8.24784594543
8.50084446946, 9.54291701221, 9.49584223844, 6.53680467094, 8.28071650549, 8.27465494401
8.54774525993, 9.56024663579, 9.54405803469, 6.55004238189, 8.30546747468, 8.30230538623
8.5928419782, 9.58184029229, 9.58840973172, 6.57312759297, 8.32785853655, 8.32986431145
8.63597086602, 9.60713651801, 9.62751074548, 6.60429024246, 8.34704893703, 8.35643757961
8.67708218191, 9.63559455213, 9.66055203477, 6.64181720879, 8.36316849648, 8.38134735827
8.71618486177, 9.66675511098, 9.68716572195, 6.68414582387, 8.37990835061, 8.40715644117
8.75325740447, 9.7003054698, 9.70738929732, 6.72987335387, 8.39662104782, 8.43302983981
8.78776963717, 9.73648427291, 9.72188488053, 6.7777260243, 8.41300860932, 8.45856865307
8.81841713335, 9.77599036077, 9.73692722149, 6.82540964809, 8.42908902044, 8.48373773124
8.84371924068, 9.81911579833, 9.75818984948, 6.87066338441, 8.44610137493, 8.50862089749
8.86274821778, 9.86535320775, 9.78492209109, 6.91291722754, 8.46397415798, 8.53279267667
8.87461883098, 9.91392365702, 9.81620694345, 6.95192053525, 8.48640930669, 8.55612947912
8.87826216957, 9.9637907412, 9.85121225841, 6.98762246692, 8.51181603922, 8.57845798872
8.89874133522, 10.009404377, 9.88924102455, 7.02008495213, 8.53848917126, 8.59959405424
8.93358623834, 10.0452628869, 9.92973589773, 7.049413526, 8.56772713587, 8.61879283991
8.97845755118, 10.0673211117, 9.97225558397, 7.07572086876, 8.5987222295, 8.63498767295
9.02802617462, 10.0738748564, 10.0164473414, 7.09911079341, 8.63035354358, 8.64757954441
9.07725970126, 10.0651536263, 10.0620248691, 7.11967019434, 8.66145072586, 8.65714943623
9.12213823565, 10.0431100978, 10.1087583604, 7.13744604279, 8.69070032615, 8.66370040995
9.16010452899, 10.01057457, 10.1566653549, 7.15176106585, 8.7173193261, 8.66728804997
9.18995199598, 9.97046062334, 10.1991710868, 7.1780909491, 8.74087817353, 8.669138182
9.21146826661, 9.92532693196, 10.2343440252, 7.21362775263, 8.76065835454, 8.67090955486
9.22510538972, 9.87722257796, 10.2612330423, 7.25578200225, 8.77641436104, 8.67267222695
9.23172236733, 9.82766235593, 10.2795830523, 7.30229304537, 8.78851239421, 8.67501137969
9.23240934361, 9.77766707552, 10.289592671, 7.35128087584, 8.79733612791, 8.67719752095
9.22835995881, 9.72783132046, 10.2917238561, 7.40123543569, 8.80349061596, 8.67845336107
9.22012749133, 9.67851371225, 10.2865544969, 7.45096749503, 8.80702759416, 8.67874001709
9.20660848755, 9.63037602912, 10.2746675983, 7.49953396125, 8.80931130716, 8.67851377647
9.1863383069, 9.58466913931, 10.2565656872, 7.54614212378, 8.81075017142, 8.67949407992
9.15888910377, 9.54287749843, 10.2326030248, 7.5900259569, 8.81071830664, 8.68166229391
9.12421698244, 9.50685189638, 10.2029500857, 7.63028391515, 8.80890756097, 8.68503151301
9.08257047148, 9.47918299463, 10.1676639878, 7.66570836007, 8.80510105363, 8.68959869059
9.03535159668, 9.46273982392, 10.1270071247, 7.69481195915, 8.7994126033, 8.69497125497
8.9854769273, 9.45920183657, 10.0818499395, 7.71627887837, 8.79270551192, 8.70056667895
8.93635874106, 9.46855083545, 10.0336061116, 7.72941406293, 8.78590213493, 8.70611357349
8.89092049398, 9.48941625427, 9.98384702365, 7.73431642631, 8.77791725002, 8.71382868051
8.85122956308, 9.51982398362, 9.93392432741, 7.73153714567, 8.76935974718, 8.72309048018
8.81855385085, 9.55766969447, 9.88486405449, 7.72188884943, 8.76054314969, 8.73333665635
8.79357026903, 9.60098043956, 9.83734031631, 7.70634876226, 8.75170064825, 8.74412727003
8.77658029488, 9.64800533486, 9.79164370605, 7.68605541825, 8.74307498338, 8.75499595766
8.76764660952, 9.69720075402, 9.74763269748, 7.66232714134, 8.73487391257, 8.765334544
8.76664236094, 9.74719066785, 9.7063239993, 7.63415638604, 8.72731673192, 8.77431000739
8.77326610305, 9.79674998625, 9.6756094896, 7.59470237618, 8.72280499855, 8.78175682626
8.78706880654, 9.84480709162, 9.65664064315, 7.54844026572, 8.72157608422, 8.78484174249
8.80750001226, 9.89044222975, 9.64934431599, 7.49897549432, 8.7230599747, 8.78463687317
8.83395978236, 9.93286722906, 9.65293199891, 7.44910437511, 8.7267435313, 8.78207336818
8.86584712818, 9.97137952809, 9.66620383301, 7.40089796039, 8.73218876069, 8.77793792711
8.90262062732, 10.0052573934, 9.68778312064, 7.35579436469, 8.73905389756, 8.77289081516
8.94400103973, 10.0333227007, 9.71628189914, 7.31471128272, 8.74702416666, 8.76761716073
8.99158459617, 10.0486786492, 9.75040690967, 7.27816701291, 8.75571961482, 8.75959978688
9.03293773209, 10.0767841318, 9.78902093566, 7.24640292946, 8.76461794824, 8.7495527569
9.06587675192, 10.1144008963, 9.83118009517, 7.21952161125, 8.77184862469, 8.74042435228
9.08902799236, 10.1587181623, 9.87620382018, 7.19777617065, 8.77615927338, 8.73223582482
9.10158586191, 10.2071154754, 9.92399724766, 7.1830864365, 8.78000434345, 8.72524141197
9.10330011006, 10.2570860803, 9.97398384878, 7.18192897878, 8.78385434224, 8.71922157523
9.09443497356, 10.3062938983, 10.0223725548, 7.19451997261, 8.78795781868, 8.71423902324
9.07586804316, 10.3527187741, 10.066122547, 7.21872613262, 8.79031499109, 8.71212369262
9.04886473566, 10.3947999027, 10.1032866772, 7.25217501042, 8.79101054764, 8.71202735641
9.01486368509, 10.4314595339, 10.1327943558, 7.29253956057, 8.79014184912, 8.71315897676
8.97524860351, 10.4619660137, 10.1542302448, 7.33771148395, 8.78772732728, 8.714943208
8.93130040146, 10.4858104164, 10.1676396913, 7.38587980077, 8.78351388167, 8.71780259154
8.88421348705, 10.5026277435, 10.1733715378, 7.43555017359, 8.77896765649, 8.72027960213
8.83512722262, 10.5121429231, 10.171958262, 7.48553019611, 8.77335125069, 8.72194376895
8.78516991238, 10.5142086321, 10.1640286969, 7.53489741193, 8.76904620116, 8.72240253622
8.73544418404, 10.5089787237, 10.1502471212, 7.58296058048, 8.76596190364, 8.72076448997
8.6868634385, 10.4971503188, 10.1312694069, 7.62921905384, 8.76360586352, 8.71659703297
8.63997817415, 10.4797787332, 10.1064187848, 7.67260622454, 8.76152535817, 8.70992301297
8.59508216868, 10.4577708098, 10.0742276193, 7.71086493416, 8.75905002398, 8.70101440946
8.55232132841, 10.4318572894, 10.0352735009, 7.74221101308, 8.75796289576, 8.68955216803
8.51177017735, 10.4026065774, 9.99127963117, 7.76597105151, 8.75796387241, 8.6763594223
8.4734694395, 10.3704654281, 9.94402463871, 7.78231013616, 8.75859724465, 8.66211374881
8.43742490604, 10.335812988, 9.89495370279, 7.79190405342, 8.75957542172, 8.64729697876
8.40359656323, 10.2989939274, 9.84509594545, 7.79567287725, 8.76126997472, 8.63205309714
8.37191803162, 10.2603096847, 9.79510732243, 7.79460630874, 8.76264907901, 8.61637727518
8.342305393, 10.2200220732, 9.74534978484, 7.78968823462, 8.76379233985, 8.60036929864
8.31466353477, 10.1783576079, 9.69597019463, 7.78183609664, 8.76520416714, 8.58419945435
8.2888909609, 10.1355116695, 9.64709019402, 7.77131252594, 8.76475289569, 8.56867925909
8.2648833907, 10.091652388, 9.59978507271, 7.75511914773, 8.76170769637, 8.55521228048
8.24253005946, 10.0469273549, 9.55572792452, 7.73147665013, 8.75656363636, 8.54350840867
8.22109698838, 10.0017540944, 9.51548388885, 7.70180481848, 8.74989361585, 8.53324288669
8.19366300105, 9.95995246363, 9.47846149295, 7.66819913143, 8.74178968421, 8.52441139923
8.15876988124, 9.92414087068, 9.44329381286, 7.63265712421, 8.73505553036, 8.51694212141
8.1181634593, 9.89496693543, 9.40822160721, 7.59702090119, 8.72649342773, 8.50990966628
8.07361681278, 9.87226019009, 9.37188345131, 7.56267649225, 8.71593331862, 8.50357961807
8.02656193847, 9.8553534221, 9.33362049237, 7.53049037765, 8.70557961385, 8.49727994852
7.97800876231, 9.84341235498, 9.29326973964, 7.50096383444, 8.69575896607, 8.49142578106
7.92859308786, 9.83579060198, 9.25093609987, 7.47435814062, 8.68661125831, 8.48642231512
7.87862800853, 9.8339222209, 9.20685861235, 7.45075358398, 8.67794165178, 8.48239782989
7.82976825865, 9.84453941646, 9.16134799951, 7.43004648087, 8.66951853372, 8.47918618665
7.78480753876, 9.86641482883, 9.11358568935, 7.41525588493, 8.66097953726, 8.47610662178
7.74812071954, 9.900386542, 9.06410709911, 7.40805386383, 8.65219428251, 8.47271858153
7.7039208173, 9.92376107178, 9.01410730705, 7.40819806295, 8.64357288693, 8.46916881568
7.65564366959, 9.9367732587, 8.96454488493, 7.41479854126, 8.6332687239, 8.46358587989
7.60574056682, 9.93988458223, 8.91595642965, 7.42659523629, 8.62187953172, 8.45616802249
7.55610669106, 9.93384484905, 8.86829363583, 7.44170344881, 8.60781735327, 8.44828793756
7.5081748697, 9.91961317659, 8.82055439678, 7.45656834218, 8.59232107259, 8.43986570694
7.46297831988, 9.89822926008, 8.77180945391, 7.46770075181, 8.57738653569, 8.42990773499
7.42122053024, 9.87072858729, 8.72214296726, 7.47346617496, 8.56295289632, 8.41894798349
7.38334244182, 9.83809041306, 8.67214809041, 7.47275043176, 8.54890314035, 8.40777297449
7.34958214353, 9.80120895078, 8.62286059986, 7.4643395296, 8.53371256741, 8.39468641573
7.32002534387, 9.76088035554, 8.57572264717, 7.44766579526, 8.5177663398, 8.38047358792
7.29464657619, 9.71779998703, 8.53247549273, 7.42257229744, 8.50027168156, 8.36625267198
7.27334194871, 9.67256600812, 8.49498851799, 7.38948564266, 8.48168809492, 8.351841002
7.25595460424, 9.62568658564, 8.46493723865, 7.34952415357, 8.46260962964, 8.33705825613
7.24229412599, 9.57758885873, 8.44353513957, 7.30433621099, 8.44361812462, 8.32184798121
7.23215105076, 9.52862848674, 8.43148150111, 7.25581085885, 8.42522494064, 8.30625624477
7.22530751033, 9.47909904142, 8.42919628802, 7.20586310814, 8.40783897763, 8.29038786863
7.2215891408, 9.42923749583, 8.43762940514, 7.15657941372, 8.39174687807, 8.27441417871
7.22289124821, 9.37925445354, 8.46033548574, 7.11203242837, 8.37948751789, 8.25821983995
7.23810169126, 9.33162418562, 8.47006735425, 7.0629886649, 8.37087239653, 8.24038032913
7.26560957402, 9.28987114519, 8.46741708012, 7.01305895383, 8.36334587204, 8.22096994602
7.30245491419, 9.25607142761, 8.45263119849, 6.96529518405, 8.35593648584, 8.20142019771
7.34571161664, 9.23099439244, 8.42654778446, 6.92263776368, 8.34820512411, 8.18271360799
7.3929172483, 9.21451324139, 8.39094516915, 6.88753144255, 8.34044532012, 8.16627599484
7.44216510137, 9.205873278, 8.34837778693, 6.86130134589, 8.32872896076, 8.14851701987
7.49213108673, 9.2040292858, 8.30138004915, 6.84423639223, 8.31621754236, 8.12984637066
7.54197269126, 9.20800602537, 8.25207823684, 6.83590985013, 8.30315310549, 8.11064047498
7.59112285173, 9.21718544399, 8.2020791324, 6.83561059196, 8.29037027081, 8.09098756307
7.63884415857, 9.23210780551, 8.15259771236, 6.84279314518, 8.27709925608, 8.07162633637
7.681885247, 9.25755313331, 8.10506950294, 6.85831955201, 8.26481810528, 8.05310464993
7.73103345485, 9.26674300084, 8.06186959893, 6.88349430709, 8.25007374336, 8.03508446238
7.78060340405, 9.26019929119, 8.0248519548, 6.91710522829, 8.23478989138, 8.015967321
7.82632946339, 9.23997239085, 7.99444821257, 6.95679921345, 8.21897319472, 7.99659327882
7.8653612668, 9.2087230977, 7.96972501465, 7.00025912008, 8.20486268509, 7.97734986519
7.89610459365, 9.16929153859, 7.94838231245, 7.0454751467, 8.19245083864, 7.95955114012
7.91796251593, 9.12432231318, 7.92930319505, 7.09169188911, 8.18191486871, 7.94110676166
7.9310411856, 9.07606313375, 7.91386074008, 7.13924744172, 8.17199014099, 7.92494111557
7.93588204449, 9.02629802463, 7.90979351901, 7.1890817443, 8.16227281061, 7.91026367495
7.93325101797, 8.97636729562, 7.91655365906, 7.23862264161, 8.15435241378, 7.89799099517
7.92399548814, 8.9272314109, 7.93261871733, 7.28597149485, 8.14604779951, 7.88669327595
7.90896056612, 8.87954544735, 7.95627060109, 7.33002360483, 8.13785061088, 7.87679607324
7.8889488285, 8.8337248149, 7.98589051474, 7.37030586787, 8.13014503865, 7.86850178806
7.86457685323, 8.79006697687, 8.0203213574, 7.40656213731, 8.12311669782, 7.86178242857
7.83410795346, 8.7504229843, 8.0591448209, 7.43806989321, 8.11661705504, 7.8562545988
7.79597652725, 8.71808114862, 8.10226727725, 7.4633770811, 8.11007597411, 7.85144896595
7.75211653564, 8.69407487579, 8.14898848691, 7.48118518509, 8.10312560658, 7.84746986852
7.7047371699, 8.67810002987, 8.19792736114, 7.49143148146, 8.09623095101, 7.84466323538
7.65550035914, 8.66939735977, 8.24779820155, 7.49502303768, 8.08806012643, 7.84133234873
7.60555569443, 8.66704566529, 8.29775378223, 7.49291591663, 8.07852204635, 7.83777390696
7.55565014418, 8.67011748146, 8.34727436039, 7.48600850476, 8.06722529348, 7.83423294738
7.50623668715, 8.67775359723, 8.39607013977, 7.47510108003, 8.05627648293, 7.82949570046
7.45640487924, 8.67365592466, 8.44141039924, 7.45402358322, 8.04635173618, 7.82401937111
7.41008135994, 8.65483754111, 8.48226837875, 7.4252030088, 8.03754862564, 7.81628131873
7.36029581968, 8.65021152975, 8.51818763331, 7.39042072664, 8.03054160494, 7.80728597798
7.31097985338, 8.65845382723, 8.54915408543, 7.35116414957, 8.02149107306, 7.80014234348
7.26511012905, 8.67835278172, 8.57581465361, 7.30886504669, 8.01067763227, 7.79580700654
7.22545228536, 8.70880365091, 8.6045917972, 7.2679764663, 7.99804791701, 7.79475736465
7.19438461202, 8.74798017032, 8.63891353544, 7.23161689694, 7.98473026488, 7.79707102832
7.17343999307, 8.79338196474, 8.6777433413, 7.20011695762, 7.97304357865, 7.79978837593
7.16312597747, 8.84230661173, 8.71992755254, 7.17327496958, 7.96046053686, 7.80355872261
7.16304761106, 8.89230655031, 8.76446361402, 7.1505474702, 7.94754627342, 7.80820570104
7.17221773392, 8.94145844597, 8.80446274976, 7.1205463179, 7.93480189923, 7.8133674009
7.18945751766, 8.98839233412, 8.83776193512, 7.08324800353, 7.92215630242, 7.81761453217
7.21356086878, 9.03219905124, 8.8639628608, 7.04066265988, 7.90976039464, 7.82084611332
7.24338925345, 9.07232718934, 8.8833929227, 6.99459235823, 7.89730746964, 7.82275783241
7.27796111614, 9.1084490153, 8.89673829794, 6.94640625069, 7.88414667543, 7.82369732835
7.31703293355, 9.13964826343, 8.90480310395, 6.89706094793, 7.8730660289, 7.8260236528
7.36336942102, 9.15843469281, 8.90836630347, 6.84718807345, 7.86440656752, 7.83042796067
7.40169323804, 9.19054831997, 8.90809992325, 6.79718878304, 7.85856795627, 7.83604191447
7.42965975314, 9.23199556394, 8.90448690995, 6.74731949254, 7.85441519033, 7.84485184541
7.44609363409, 9.27921767272, 8.89758696885, 6.69779787289, 7.85193911355, 7.85582094198
7.45077694394, 9.32899785561, 8.88569339613, 6.64923304068, 7.85106546805, 7.86813046664
7.44428795044, 9.37857499715, 8.86357403751, 6.60439183224, 7.85127877809, 7.88129338842
7.42777806741, 9.42577058765, 8.83247848496, 6.5652374377, 7.85158516388, 7.89498853892
7.40271165028, 9.46903344391, 8.79440274393, 6.53283006285, 7.85176676228, 7.90885250049
7.37064104595, 9.50739327105, 8.75115825763, 6.5077319672, 7.85189667392, 7.92253000429
7.33304843338, 9.54035985231, 8.70416508934, 6.49065443418, 7.85020113841, 7.93674973266
7.29124726838, 9.5677945494, 8.6546147583, 6.48396379191, 7.84658659564, 7.95177900715
7.2463335869, 9.58976637718, 8.60535550897, 6.49253854293, 7.84129950586, 7.9679682161
7.19919403676, 9.60643559469, 8.55577938637, 6.48604176922, 7.83497159045, 7.9854832662
7.15053212524, 9.61792551928, 8.50943671996, 6.46727058734, 7.82786922103, 8.00087365507
7.10091415617, 9.62409456666, 8.46823447521, 6.43894436225, 7.82065459422, 8.01387790871
7.05091458941, 9.62388642288, 8.43297681945, 6.40349160904, 7.81501845811, 8.02491252428
7.00187895749, 9.61411366469, 8.40375799497, 6.36291747571, 7.81102527298, 8.03334869565
6.95638185109, 9.59337690244, 8.38026963628, 6.3187779582, 7.80808092114, 8.03842272504
6.91749051253, 9.56195296594, 8.36192268294, 6.27226570924, 7.80857191204, 8.04289357024
6.88841024123, 9.52127941407, 8.34801037928, 6.22424021802, 7.81047042954, 8.04576890839
6.87253829734, 9.47386547733, 8.33782603799, 6.17528841322, 7.81349481272, 8.04717334233
6.8436969862, 9.43302213306, 8.33090612206, 6.12576958081, 7.81776279215, 8.04742413391
6.80625083205, 9.39988928622, 8.32756410869, 6.07588139637, 7.82057371337, 8.04789120183
6.76304759592, 9.37472024994, 8.32991266916, 6.02593658419, 7.82229849272, 8.04872233465
6.71616771538, 9.35733414051, 8.34022306103, 5.97701117342, 7.82334124918, 8.04975831871
6.66717687954, 9.34733924166, 8.35833771853, 5.9304079634, 7.82482106308, 8.04930927271
6.61726678445, 9.34434217508, 8.38319999605, 5.88702747059, 7.82685720871, 8.04723454202
6.56742104849, 9.34826679054, 8.41410889971, 5.84772556638, 7.8294563657, 8.04361759969
6.51887308378, 9.36022902791, 8.45107687449, 5.81406002256, 7.83271714169, 8.03843087981
6.47459241903, 9.38345019776, 8.49408591307, 5.78856055982, 7.83672813351, 8.03197098067
6.43835216854, 9.41789790079, 8.54162060482, 5.77305401022, 7.84176889358, 8.02507695229
6.41338726138, 9.4612194129, 8.59135183651, 5.76787669482, 7.84811342421, 8.01836586312
6.40146762075, 9.50977785364, 8.64115118417, 5.77235162195, 7.85549405225, 8.0120394489
6.40229104823, 9.55977107285, 8.68939583824, 5.78548377156, 7.8644356199, 8.00529374079
6.41467962652, 9.60821199695, 8.73491796275, 5.80616555533, 7.87475576577, 7.99815990503
6.43719815233, 9.65285408467, 8.77692636497, 5.83328186302, 7.88618274535, 7.99073173347
6.46870889116, 9.69167512713, 8.81492126986, 5.86578397376, 7.89843018355, 7.98307938818
6.50963129956, 9.72040414541, 8.84846194353, 5.90286527916, 7.91106398236, 7.97504341424
6.5417631948, 9.75871264718, 8.87389044451, 5.94591631094, 7.92337872714, 7.96561761238
6.56532945628, 9.80281062128, 8.90893000881, 5.98158462929, 7.93536779715, 7.95741308992
6.58096569502, 9.85030281051, 8.95076918833, 6.0089613175, 7.94743260084, 7.94556966031
6.5895876354, 9.89955382212, 8.99720656239, 6.02749696666, 7.95934276345, 7.93125246641
6.59220880364, 9.94948506962, 9.04629626361, 6.03699439973, 7.9707867403, 7.91535105257
6.58979693626, 9.9994268647, 9.09629336357, 6.03753291163, 7.98357184299, 7.8996030522
6.58316643684, 10.0489852795, 9.14563239907, 6.02942985197, 7.99736719185, 7.88438642548
6.57277574212, 10.0978936986, 9.19293712242, 6.01323531124, 8.01183126409, 7.86943047472
6.54869304068, 10.1417117713, 9.23706369403, 5.98972264066, 8.0260605377, 7.85492835243
6.5389720999, 10.1907577019, 9.2771478124, 5.95983512731, 8.0408270834, 7.84100745966
6.54293273915, 10.2406005884, 9.31261542423, 5.92459241869, 8.05784821778, 7.82910732489
6.55903394806, 10.2879371607, 9.34317732975, 5.88502008074, 8.07633211633, 7.81944181104
6.58529752918, 10.3304838915, 9.3687793771, 5.84207202873, 8.09595013309, 7.812454352
6.61964678439, 10.3668174665, 9.38944408862, 5.79654215174, 8.11673554168, 7.80841895048
6.66011179329, 10.3961872308, 9.40519303191, 5.74908721749, 8.1384142422, 7.80749191858
6.7049374945, 10.4183379985, 9.41595875523, 5.70025997917, 8.1603629874, 7.80948236226
6.75262759873, 10.4333597813, 9.42141129617, 5.65055817038, 8.1819306573, 7.81388683817
6.80194914439, 10.4415686262, 9.42050934993, 5.60056630611, 8.2026159196, 7.82015709261
6.85191498125, 10.4434166378, 9.41079837801, 5.55151840071, 8.22188385609, 7.82839292021
6.90175553567, 10.4394267587, 9.39044335678, 5.50584923047, 8.23911268074, 7.83879407835
6.95088690739, 10.4301473023, 9.36032561576, 5.46593780759, 8.25376018118, 7.85139812926
6.9988793975, 10.4161215797, 9.32260565191, 5.43311701652, 8.26621262209, 7.86644212707
7.04542863658, 10.3978686802, 9.27936608275, 5.40801045046, 8.27560882949, 7.88310585046
7.09033027342, 10.3758722484, 9.23243986693, 5.39074979379, 8.28176046387, 7.9011692951
7.13345846512, 10.3505748359, 9.18337823639, 5.38110840338, 8.28653383775, 7.91817155626
7.17474800973, 10.3223760149, 9.13344023162, 5.37861929118, 8.28982959921, 7.93396622966
7.21417976347, 10.2916329377, 9.08360483163, 5.38267304342, 8.29181850158, 7.948475555
7.25176890718, 10.2586624012, 9.03459546672, 5.39257668676, 8.29276605139, 7.96168077894
7.28755561921, 10.2237437637, 8.98689048279, 5.40755114862, 8.29291575715, 7.97358972569
7.32159774145, 10.1871222685, 8.94065456512, 5.42658375006, 8.2909167027, 7.98508400519
7.35396507182, 10.1490124807, 8.89522151312, 5.4474604784, 8.28688555955, 7.99575790923
7.38473496836, 10.1096016514, 8.84808159708, 5.46412866113, 8.28130771016, 8.00590136395
7.4139396972, 10.069017371, 8.79938978628, 5.47549121192, 8.27428160171, 8.01513333183
7.44051453034, 10.0266643517, 8.74996555903, 5.48305730479, 8.26600208282, 8.02334634664
7.46158547693, 9.98132104784, 8.70039614197, 5.48960504427, 8.25709104823, 8.03112789771
7.47504956129, 9.93316797491, 8.65108127104, 5.49785389299, 8.24772316972, 8.03978974659
7.48039414245, 9.88345444101, 8.60242626652, 5.50937303076, 8.23840474287, 8.04857445945
7.47793173392, 9.83351511238, 8.5548826444, 5.52485217789, 8.22970909968, 8.0574655305
7.46841417463, 9.78442930929, 8.50893495477, 5.5445704389, 8.22139867754, 8.06749628605
7.45243714533, 9.73705067977, 8.46499043521, 5.56842162757, 8.21297347355, 8.0791109419
7.4280473462, 9.69340279669, 8.42336245232, 5.59611839707, 8.20452030406, 8.09226039174
7.39243769295, 9.65830361442, 8.38429212719, 5.62731951394, 8.1959945361, 8.10674373876
7.3486735082, 9.63412312367, 8.34800816954, 5.66172117694, 8.18726601445, 8.12250018742
7.30039851918, 9.6211029303, 8.31473021093, 5.69903843128, 8.17861846859, 8.13908746656
7.25047568364, 9.61832615308, 8.28463907449, 5.73896991644, 8.16970411092, 8.15530718775
7.20084208329, 9.62436814914, 8.25783585158, 5.78117876909, 8.16278862882, 8.17268865119
7.15264791655, 9.63768439082, 8.23430357714, 5.82529488927, 8.15755507787, 8.1905486779
7.10646917738, 9.65685530755, 8.21388633711, 5.87093627739, 8.15352079031, 8.20805640375
7.06252326871, 9.68070393668, 8.19625682661, 5.9177251688, 8.14970211691, 8.2246141749
7.02085078067, 9.70833369854, 8.1805740508, 5.96520201098, 8.14541948241, 8.23958512512
6.98158804297, 9.73929233914, 8.15759295138, 6.00960774337, 8.14014465161, 8.25189138218
6.94671711196, 9.77512553842, 8.12557561567, 6.04801204279, 8.13356382568, 8.26393021574
6.92052161949, 9.81771422441, 8.08647814597, 6.07917913863, 8.12547536848, 8.27552863569
6.90345293804, 9.86471060846, 8.0423598777, 6.10270738559, 8.11649742647, 8.28675621752
6.89455455301, 9.91391242493, 7.99501327421, 6.11877907303, 8.10678286937, 8.29727864918
6.89279214581, 9.96388135448, 7.9458615538, 6.12795013517, 8.09627946695, 8.30680235957
6.89723189836, 10.0136838504, 7.89595366233, 6.13098367589, 8.0849557368, 8.31517729437
6.9071647797, 10.0626872979, 7.84600438723, 6.12873202831, 8.07303086215, 8.32313067149
6.92225622275, 10.1103554041, 7.79645173951, 6.12205856563, 8.06028019871, 8.33029765813
6.94278768953, 10.1559455222, 7.74751787906, 6.11178835136, 8.04708136671, 8.33670553111
6.96982392165, 10.198005505, 7.69926532753, 6.09868524979, 8.03390601246, 8.34270355583
7.0042374148, 10.2342782426, 7.65164640282, 6.08343933197, 8.0205430294, 8.34802115152
7.04502483822, 10.263198583, 7.60454460341, 6.0666637398, 8.00691257349, 8.35290230195
7.09030606209, 10.2844026101, 7.55780258626, 6.04891032231, 7.99319224448, 8.35750902831
7.13844190285, 10.2979281723, 7.51123180384, 6.03071245914, 7.9796656201, 8.36169327801
7.1881529648, 10.3032956969, 7.46458776933, 6.01270318249, 7.96675272894, 8.36486980054
7.23794068806, 10.2986932397, 7.41744151293, 5.99605294203, 7.95529482004, 8.36599739826
7.28497016985, 10.2817159653, 7.36878893258, 5.98452356977, 7.94583368585, 8.36516242371
7.32557792457, 10.2525438853, 7.31879798943, 5.98357193768, 7.93857798087, 8.36359230133
7.37371417105, 10.239019767, 7.27029042822, 5.99569697397, 7.93377299429, 8.36228630459
7.42368542874, 10.2407148789, 7.22732719907, 6.02127354413, 7.93021525602, 8.36403562402
7.47143858911, 10.2555349893, 7.19336850712, 6.05797241661, 7.92764969456, 8.36842082539
7.51447708449, 10.2809847028, 7.17025514538, 6.10230944976, 7.92593533574, 8.37471130859
7.55138338608, 10.3147178453, 7.15830659307, 6.15086078443, 7.92507369786, 8.38223609273
7.58118814479, 10.3548635345, 7.15678911902, 6.20083775185, 7.92514433073, 8.39051597956
7.60187541178, 10.4003831674, 7.16439304513, 6.25025617258, 7.925581048, 8.39943711381
7.63548646237, 10.4374006941, 7.179582935, 6.29789299915, 7.92589792771, 8.40866239991
7.6769477032, 10.4653464542, 7.20078532841, 6.34317498799, 7.92779412798, 8.4165955579
7.72329009734, 10.4841183082, 7.22640205505, 6.38611428603, 7.93038985598, 8.42308867958
7.77230715831, 10.4939837902, 7.25460240734, 6.4274027848, 7.93317662991, 8.42838151663
7.82228487766, 10.4954762944, 7.28321287354, 6.46840816523, 7.93593645411, 8.43291541954
7.87190062635, 10.4892894146, 7.31111712412, 6.50989735418, 7.93862271076, 8.43700803808
7.92015032359, 10.4761758065, 7.33835804574, 6.55182505611, 7.94127497116, 8.4407517331
7.96629652473, 10.4569266995, 7.36497711842, 6.59415028464, 7.94395280314, 8.44270188466
8.00982722489, 10.4323283633, 7.39101323969, 6.63683658676, 7.94706528284, 8.44370399039
8.05041612143, 10.4031300504, 7.41650916227, 6.67984772406, 7.95244729886, 8.44581372436
8.08751364813, 10.3696073191, 7.45355696792, 6.71342539666, 7.96040524743, 8.44862194251
