9.226226594, 11.237398768, 7.80952061555, 11.5306457412, 7.21755611723, 8.85589199227
9.22355365042, 11.1874702654, 7.85463956472, 11.5521929086, 7.22631057969, 8.85588277679
9.22199716265, 11.1374944979, 7.89592653187, 11.5803955033, 7.23504720335, 8.8561904419
9.22121485782, 11.0875006182, 7.93349923114, 11.6133847783, 7.24363983685, 8.8566058533
9.22088649306, 11.0375016965, 7.96788019635, 11.6496883488, 7.25196016775, 8.85702359445
9.22068551207, 10.9875021004, 7.99972329952, 11.688237237, 7.25976710343, 8.8574614524
9.22019449068, 10.9375045115, 8.02965247744, 11.7282902557, 7.26693620148, 8.85798313628
9.21884054177, 10.8875228466, 8.05819412493, 11.7693435669, 7.27352692315, 8.85851208834
9.21602271609, 10.8376023112, 8.08574289727, 11.8110696396, 7.27968276401, 8.85895708291
9.21148059925, 10.7878090468, 8.11245075908, 11.853338897, 7.28567227747, 8.8591957896
9.20521561032, 10.7382031005, 8.13620900168, 11.8973337365, 7.29151671558, 8.85919423155
9.1966134779, 10.6889486254, 8.14709932064, 11.9461333365, 7.29725399036, 8.85898157989
9.18447541968, 10.640444321, 8.14542902973, 11.99610543, 7.30287024675, 8.85813553355
9.16763395838, 10.5933660332, 8.13266696515, 12.0444492993, 7.30837333704, 8.85662288377
9.14559844797, 10.5484835614, 8.11063188751, 12.0893319837, 7.31375594168, 8.85449237371
9.11852080236, 10.5064502281, 8.08109203526, 12.1296729942, 7.31902187743, 8.85183476648
9.08690584828, 10.4677140088, 8.04562418562, 12.1649154635, 7.32419876415, 8.84877400011
9.05139736642, 10.4325124788, 8.00555209424, 12.1948191003, 7.32935866899, 8.84543909953
9.01266099571, 10.4008977104, 7.96195461454, 12.219298883, 7.33464971342, 8.84194483135
8.97132813611, 10.3727624173, 7.915701339, 12.2382892622, 7.34008541959, 8.83829097663
8.9279741659, 10.3478539194, 7.86751766587, 12.2516434242, 7.34584084258, 8.83456364503
8.88311675013, 10.3257674473, 7.81807859238, 12.2591118921, 7.35179681885, 8.83072346094
8.83722933288, 10.3059093271, 7.7680961177, 12.2604356083, 7.35783258451, 8.82674655611
8.79078053073, 10.2874023344, 7.71834049597, 12.2554981893, 7.36406040808, 8.82277782784
8.74436107601, 10.2688218547, 7.66958343856, 12.2444189586, 7.37032253943, 8.81886440934
8.69906821739, 10.2476426914, 7.6225171136, 12.227544094, 7.37611655631, 8.81505820395
8.65683217454, 10.2208823349, 7.5776981391, 12.2053797189, 7.38189702207, 8.81145158825
8.61954618129, 10.1875693538, 7.53552768612, 12.1785161209, 7.38762571671, 8.80803005349
8.58854276774, 10.148341961, 7.49625810318, 12.1475661636, 7.39310506259, 8.80489212034
8.56453115983, 10.1044848899, 7.4600135796, 12.1131229566, 7.39832593527, 8.80203146645
8.54763905863, 10.0574247484, 7.42681583931, 12.0757343214, 7.40382785001, 8.79918383085
8.5374974214, 10.0084640785, 7.39660949442, 12.0358899149, 7.40947490847, 8.79627863866
8.53349030448, 9.95862490702, 7.36935585027, 11.9939704817, 7.41502458865, 8.79296721351
8.53725990523, 9.90876720842, 7.34511479752, 11.9502398133, 7.42045088732, 8.78923707817
8.55319224393, 9.86137353179, 7.32409597641, 11.9048723232, 7.42576323181, 8.78511401643
8.58073320513, 9.81964230301, 7.30669786445, 11.8579968957, 7.43096011868, 8.78070410757
8.61745585375, 9.78570932379, 7.29350190392, 11.8097696563, 7.43601790426, 8.77604576109
8.66073771928, 9.76067574403, 7.28517439276, 11.7604680076, 7.44059314237, 8.77156675598
8.70827126518, 9.74516568233, 7.28228300501, 11.7105516789, 7.44445025956, 8.76713265815
8.75794086715, 9.73942715982, 7.28512978589, 11.6606327863, 7.44770216049, 8.7622762531
8.80778783196, 9.74333613652, 7.29369028984, 11.611371059, 7.45045298941, 8.75729511501
8.85608207751, 9.75628472129, 7.30764896447, 11.5633590251, 7.45252818841, 8.75183674582
8.90147846658, 9.77724105349, 7.32647411173, 11.517038254, 7.45400898193, 8.74599714327
8.94307989167, 9.80497769767, 7.34948488055, 11.4726478889, 7.45502416675, 8.7398347105
8.98038629552, 9.83826781981, 7.37586678613, 11.4301744259, 7.45577730481, 8.73348909898
9.01325022239, 9.87595020708, 7.40450108851, 11.3891856869, 7.45652419962, 8.72687140442
9.04207152868, 9.91680767033, 7.4324280448, 11.3477117781, 7.45778091262, 8.72027582772
9.07633541866, 9.95322175887, 7.45339296533, 11.3023193546, 7.45955053845, 8.71367010582
9.11645265596, 9.9830648028, 7.46588676884, 11.2539054633, 7.46194890103, 8.70696322446
9.16099687542, 10.005776309, 7.4697789516, 11.2040571843, 7.46470636444, 8.70043540326
9.20864402944, 10.0209337729, 7.46520456396, 11.1542668742, 7.46792124099, 8.69407220104
9.25814660526, 10.0279690403, 7.45218517105, 11.1059916693, 7.47170178383, 8.68785450634
9.3081110796, 10.02608455, 7.43041386023, 11.0609804482, 7.47601315627, 8.68176906663
9.35675969441, 10.0145384564, 7.39946984352, 11.021706184, 7.48073971234, 8.67575786707
9.40190606818, 9.99304880925, 7.36008231959, 10.9909064607, 7.4857959717, 8.66981986643
9.44101682861, 9.96189839322, 7.31451021681, 10.9703350376, 7.49148386706, 8.66429152273
9.47132630278, 9.9221323804, 7.26551334662, 10.9603697623, 7.49718123145, 8.65923882211
9.4904228697, 9.87592284532, 7.21551335219, 10.9603461668, 7.50367097643, 8.65441427431
9.49687163413, 9.82634045493, 7.16628302271, 10.9690854265, 7.51101944181, 8.65011310214
9.49021626164, 9.77678537429, 7.11902160041, 10.9854059033, 7.51892791481, 8.64632731368
9.47063675515, 9.7307783865, 7.07488947486, 11.0089081477, 7.52701135456, 8.64326337889
9.43896411585, 9.69208931931, 7.04007309693, 11.0447943544, 7.53527780715, 8.64114265279
9.39746505465, 9.66419975282, 6.9964235972, 11.0691812602, 7.5437878877, 8.63957532211
9.3498099158, 9.64906741192, 6.94802327485, 11.0817275264, 7.55271375966, 8.63812182387
9.29986393102, 9.64674392225, 6.89803804974, 11.082942957, 7.56183427833, 8.63664011337
9.25069867569, 9.65584214564, 6.84886486104, 11.0738877092, 7.5715465188, 8.63546692275
9.20419936482, 9.67422186512, 6.80220803793, 11.0559115901, 7.5803840126, 8.63503414563
9.16117326895, 9.69969253598, 6.75917930611, 11.0304453725, 7.58824021727, 8.63531843808
9.12176997703, 9.73047208416, 6.72041832795, 10.9988607786, 7.5958844122, 8.63646492889
9.08593906804, 9.76534536851, 6.68621406351, 10.9623906772, 7.60330204896, 8.63815369487
9.05374792729, 9.80360409897, 6.65662034703, 10.9220891643, 7.61029695866, 8.64013638933
9.02557252194, 9.84490962565, 6.63156840709, 10.8788179232, 7.61670815654, 8.64221935418
9.00220254148, 9.88911193342, 6.61096954226, 10.8332582177, 7.62248499653, 8.64424172075
8.98486888224, 9.93601123254, 6.59492169097, 10.7859035297, 7.62773539521, 8.64644077709
8.97538948852, 9.9851044204, 6.58539962096, 10.7368186015, 7.6321470259, 8.64818915438
8.9764805019, 10.0350925159, 6.56168884421, 10.6927981623, 7.63635186583, 8.64991666851
8.99097582982, 10.0829452636, 6.52772170237, 10.6561071106, 7.64049475113, 8.65151880458
9.01920310619, 10.1242153602, 6.4864650345, 10.6278602106, 7.6459108385, 8.65304064776
9.03345592689, 10.1721408972, 6.44040396319, 10.6084082773, 7.65277843905, 8.65396970389
9.03500228871, 10.2221169792, 6.39157315238, 10.5976587696, 7.66095151607, 8.65463595795
9.02567372934, 10.2712390514, 6.34162146454, 10.595461298, 7.67007838034, 8.65479601364
9.00730806066, 10.3177439137, 6.29214817309, 10.6026996288, 7.68004240126, 8.6544589666
8.98141480646, 10.3605170289, 6.24285833874, 10.5943024728, 7.69070558312, 8.65344968774
8.94897090914, 10.3985616544, 6.19694375248, 10.5745072519, 7.70152097916, 8.65174204328
8.91032061394, 10.4302815957, 6.15608906101, 10.5456820167, 7.7124404054, 8.64904400385
8.86569024604, 10.4528233406, 6.12129697595, 10.5097722573, 7.72395138272, 8.64546156782
8.81687263333, 10.4636326278, 6.09307776892, 10.4684966428, 7.7363635658, 8.64056124678
8.76690090942, 10.461951316, 6.07156249396, 10.4233624768, 7.74947430465, 8.63429131363
8.7187675792, 10.4484168222, 6.0566102289, 10.375650531, 7.76313366229, 8.62671114429
8.67485425945, 10.4245082391, 6.04792300305, 10.3264109929, 7.7770433909, 8.61792005188
8.63678048919, 10.3920985489, 6.04516958091, 10.2764868638, 7.79083350349, 8.60805753823
8.60568031055, 10.3529478287, 6.04813755498, 10.2265750303, 7.80382512018, 8.59712566968
8.58299419459, 10.3083906728, 6.0570105247, 10.1773686241, 7.81571394269, 8.58520283799
8.57388284133, 10.259227849, 6.07307539702, 10.1300197078, 7.82686482761, 8.57191715707
8.55229722669, 10.214127281, 6.0986241198, 10.0870399129, 7.83802972702, 8.55719185431
8.52135525899, 10.1748514024, 6.13394139314, 10.0516465491, 7.84881037565, 8.54116985417
8.48347481975, 10.1422159566, 6.17696952589, 10.0261793193, 7.85897123547, 8.52437293659
8.44067527727, 10.116366408, 6.2248573452, 10.0118002804, 7.86839011248, 8.50759349637
8.39456134214, 10.0970401309, 6.27475959443, 10.0086752968, 7.87687158343, 8.4910906001
8.3463358477, 10.0838377945, 6.32418330387, 10.0162447714, 7.88424973133, 8.47502240839
8.29686910426, 10.0765548492, 6.37111774763, 10.0334830424, 7.89042367345, 8.45967904591
8.24687354962, 10.0758881287, 6.41404273097, 10.0591237485, 7.89577302952, 8.44481193441
8.19772781095, 10.0850911918, 6.45184742432, 10.0918469078, 7.90044685966, 8.43036766479
8.15243757562, 10.1062759642, 6.48358993497, 10.1304786696, 7.90377809464, 8.41651893326
8.11383659547, 10.1380559002, 6.50799353149, 10.1741188401, 7.9067871406, 8.40302151006
8.08372552455, 10.1779723556, 6.54585122841, 10.2067806646, 7.90902968568, 8.39030180006
8.06300130129, 10.2234751749, 6.59158270171, 10.2269953214, 7.91091988438, 8.37808646495
8.05195328374, 10.2722393145, 6.64071445392, 10.2362727631, 7.9123715135, 8.36629306265
8.05051088654, 10.3222185051, 6.6907144412, 10.2363084239, 7.91343826519, 8.35465226698
8.05832792322, 10.3716036642, 6.74011120267, 10.2285650424, 7.91478236306, 8.34337226958
8.07479117916, 10.4188155398, 6.78793772805, 10.2139834283, 7.9168462992, 8.33215638027
8.09909765641, 10.4625098777, 6.83325383513, 10.1928540545, 7.91928891292, 8.32123833721
8.13032388047, 10.5015601393, 6.87476697658, 10.1649854505, 7.92242452018, 8.31079896022
8.1675182156, 10.5349754267, 6.91079895149, 10.1303199521, 7.92617497744, 8.30094490993
8.20972148499, 10.56178744, 6.93964150043, 10.0894774819, 7.93139836662, 8.29193552449
8.25588849533, 10.5809865846, 6.95987868038, 10.0437559711, 7.93821861568, 8.28393885181
8.30474836058, 10.5916032493, 6.97055475498, 9.99490905276, 7.94575607883, 8.27644340628
8.3547302874, 10.5929474931, 6.97126597455, 9.94491411135, 7.95346719585, 8.26900607217
8.40412595508, 10.5851971373, 6.96213855375, 9.89575426809, 7.96120815566, 8.26100214701
8.45148472937, 10.5691613493, 6.94376099367, 9.84925410373, 7.96885883737, 8.25294893094
8.4957895375, 10.545986277, 6.91700124941, 9.80701767292, 7.97538533896, 8.24463441107
8.53647032985, 10.5169161354, 6.8825940298, 9.77073898443, 7.98126889503, 8.23649751559
8.57332165298, 10.483122941, 6.84103196984, 9.74294338817, 7.98693920827, 8.22907782379
8.60633133858, 10.4455681723, 6.79364020497, 9.72700536373, 7.99207122945, 8.22217277461
8.63530521729, 10.404818763, 6.74370492146, 9.72446224351, 7.996597057, 8.21610148864
8.65773560369, 10.3601323248, 6.69477508776, 9.73475162516, 8.00055639239, 8.21103628057
8.6940969343, 10.3258124524, 6.64955371362, 9.75608299456, 8.004493956, 8.20724719908
8.73922648538, 10.304287499, 6.60964922477, 9.78620992222, 8.00877890914, 8.20509069497
8.78859142758, 10.2963437919, 6.57573921824, 9.82295378506, 8.01323156187, 8.20489038849
8.83832012115, 10.3015454298, 6.54788407841, 9.86447596209, 8.01766031229, 8.20570112259
8.88531543373, 10.3186170611, 6.52565083656, 9.90926081396, 8.02240029462, 8.20710515711
8.92725972387, 10.345832434, 6.50835135524, 9.95617273085, 8.02697487873, 8.20876624065
8.9625023879, 10.3813000902, 6.49528669126, 10.0044357038, 8.03097864152, 8.21051723171
8.98992960893, 10.4231061608, 6.48588711821, 10.0535442369, 8.03510733091, 8.21306828844
9.00894266428, 10.4693501196, 6.4800063904, 10.103197203, 8.03932695105, 8.21636280797
9.01946851338, 10.5182296297, 6.47980524566, 10.1531967984, 8.04367126712, 8.22034862829
9.02181591166, 10.5681744965, 6.49252761884, 10.2015511283, 8.04808962845, 8.22434904806
9.01640689555, 10.6178810609, 6.51763285097, 10.2447914719, 8.0526085296, 8.22834679616
9.00355551804, 10.6662012647, 6.55284645786, 10.2802879773, 8.05759935224, 8.2324468971
8.98344038881, 10.7119766028, 6.59552851649, 10.3063310545, 8.0627145833, 8.23675532076
8.95624493864, 10.753933813, 6.64303060035, 10.3219372081, 8.06810140398, 8.24142067207
8.92227509398, 10.7906223624, 6.69280699757, 10.326660584, 8.07363460581, 8.24688676897
8.8819150617, 10.82013622, 6.74242428863, 10.3204860858, 8.07953214075, 8.25292975968
8.83582414517, 10.8395173297, 6.78956731219, 10.3038266941, 8.08627601114, 8.25947656938
8.78624471175, 10.8459887887, 6.83207945508, 10.2775071632, 8.09368482955, 8.26618449058
8.73673440338, 10.8390081466, 6.86805798047, 10.2427861939, 8.10178918852, 8.27255793596
8.69057600448, 10.8197883076, 6.89587916889, 10.2012412607, 8.1103041352, 8.27826371917
8.65017099691, 10.7903360519, 6.91403426464, 10.1546537892, 8.11915519524, 8.2829913559
8.61710463493, 10.7528311761, 6.92115651266, 10.105163653, 8.12808037876, 8.28670430887
8.59231776697, 10.7094075515, 6.91666713411, 10.0553656061, 8.13724460011, 8.29007276737
8.57609274124, 10.6621132755, 6.90119091728, 10.00782103, 8.14608208451, 8.29315787379
8.5680488421, 10.6127645604, 6.87619969216, 9.96451469482, 8.15444538338, 8.29660291374
8.56745931184, 10.562768036, 6.8434863712, 9.92670148772, 8.16242682878, 8.30052791462
8.57376133935, 10.5131667815, 6.80480724996, 9.89501670303, 8.17005204604, 8.30485176927
8.58717567156, 10.464999825, 6.76171624456, 9.86965600009, 8.17741721943, 8.30928337134
8.60930435937, 10.4201632197, 6.71551565009, 9.8505378132, 8.18451690572, 8.31365920742
8.64090802016, 10.3814177861, 6.66726593015, 9.83742428864, 8.19207490956, 8.31666273449
8.6805754016, 10.3509793425, 6.61782071782, 9.82999657179, 8.20002139525, 8.31857092581
8.72598905898, 10.3300604581, 6.56786383056, 9.82792065877, 8.20788186456, 8.32000786568
8.7747606116, 10.3190452117, 6.51795497597, 9.83093831251, 8.21506824335, 8.32071866333
8.82474500592, 10.3177960821, 6.46860973408, 9.83900349089, 8.22174043886, 8.32079101214
8.87408181646, 10.3259126778, 6.42047718505, 9.85254076253, 8.22760983964, 8.32026571176
8.92110092369, 10.3429186636, 6.37474259198, 9.87274836004, 8.23342619594, 8.31989013604
8.96416254785, 10.3683292229, 6.33333928157, 9.900779876, 8.2390902652, 8.31956777267
9.0014805653, 10.4016063258, 6.29801162186, 9.93616287275, 8.24429026257, 8.32028282891
9.03114041193, 10.4418591952, 6.26968637214, 9.97736578805, 8.24908123113, 8.32206129278
9.05145056854, 10.4875483355, 6.24853714077, 10.0226726309, 8.25317086301, 8.32449558668
9.0613540191, 10.5365577394, 6.23423837468, 10.0705844801, 8.25701701087, 8.32745276645
9.06056907478, 10.5865515776, 6.22621442726, 10.1199364432, 8.26104570359, 8.33045589733
9.04944605564, 10.6352986641, 6.22386822315, 10.1698813662, 8.2652403484, 8.33299704069
9.02872892312, 10.6808047123, 6.22667487839, 10.2198025309, 8.26946263531, 8.3349321126
8.99937955267, 10.7212845153, 6.23422073263, 10.2692298521, 8.27366989433, 8.33618018155
8.96253188962, 10.7550817005, 6.24621205883, 10.3177706401, 8.27792712302, 8.33677429924
8.91957680333, 10.780671944, 6.26232225681, 10.3651041538, 8.28252946319, 8.33648073813
8.87226722803, 10.7968523051, 6.28211234175, 10.411020954, 8.28751709694, 8.33608189346
8.82264760362, 10.8030080239, 6.30503635537, 10.4554561832, 8.2931674469, 8.33559805287
8.77279014157, 10.7992352956, 6.33052491604, 10.4984716836, 8.29930433255, 8.33495536416
8.72450602038, 10.786249009, 6.35807767992, 10.5401951207, 8.30626972616, 8.33400181187
8.67917330823, 10.7651552846, 6.38733292485, 10.5807430016, 8.31397860878, 8.33260247447
8.63771371376, 10.737207082, 6.4181098247, 10.6201483621, 8.32244948601, 8.33078471857
8.60066964318, 10.7036252888, 6.450429738, 10.6582983713, 8.33097811668, 8.32838069699
8.56833593073, 10.6654869742, 6.48450783621, 10.6948863915, 8.33998375159, 8.32567071177
8.54092259849, 10.623671795, 6.52069346176, 10.7293914709, 8.35019440017, 8.32251178238
8.51878427131, 10.5788399484, 6.55934421739, 10.7611108513, 8.36174953355, 8.31938287418
8.50282564805, 10.531455116, 6.60069299942, 10.7892227389, 8.3743404169, 8.3164747247
8.49480227562, 10.4821030593, 6.64485910274, 10.812661069, 8.38885589326, 8.3138967428
8.4964577706, 10.4321304735, 6.69158031202, 10.8304691739, 8.40394877217, 8.31061502413
8.50831073718, 10.3835557148, 6.74026976344, 10.8418418306, 8.41931357282, 8.30645805744
8.52984500519, 10.3384306075, 6.79014337219, 10.8453947379, 8.43448291206, 8.30156529152
8.5600395136, 10.2985772305, 6.83969495867, 10.8387133999, 8.44914609986, 8.29602334696
8.59760047521, 10.2655745918, 6.88631886696, 10.8206520828, 8.46316083889, 8.29022913516
8.64096192657, 10.2406791196, 6.92746693285, 10.7922472122, 8.47594740618, 8.28393475713
8.68833251682, 10.2246782702, 6.96140817018, 10.7555321961, 8.48702760857, 8.27703577353
8.73785248425, 10.2177664813, 6.98752527449, 10.7128953944, 8.49719562328, 8.26957228116
8.78781388705, 10.2197307192, 7.00605154734, 10.6664542788, 8.50614879482, 8.26202224692
8.83672003259, 10.2301321099, 7.0177800075, 10.6178493076, 8.51376473368, 8.25523307136
8.88325006088, 10.2484339258, 7.02385577341, 10.5682198298, 8.51979352669, 8.24944325372
8.92617971564, 10.2740668098, 7.02568150791, 10.518253174, 8.52454908532, 8.24482281363
8.96429678602, 10.3064255636, 7.02485948671, 10.4682599317, 8.52812903804, 8.24141176306
8.99633419162, 10.344813122, 7.02307968181, 10.4182916187, 8.53170735189, 8.23910206367
9.02095397507, 10.3883316958, 7.02190560906, 10.3683054051, 8.53537980875, 8.23752497162
9.03686956033, 10.4357310011, 7.02252879014, 10.3183092888, 8.53851192456, 8.23596814693
9.06803683556, 10.4748283278, 7.0257000972, 10.268409962, 8.54107664082, 8.23424253942
9.11069656739, 10.5009079613, 7.03177762508, 10.2187807, 8.54396438414, 8.23245707091
9.15943517685, 10.5120680664, 7.04088327176, 10.1696168189, 8.54735955164, 8.23075266181
9.20936527804, 10.5094251523, 7.05305108922, 10.1211199714, 8.55129029786, 8.22892645385
9.25728338278, 10.495147364, 7.06838730515, 10.0735300515, 8.55542028542, 8.22747913196
9.30139556669, 10.4716077117, 7.08748024565, 10.0273190179, 8.55962143768, 8.2263855478
9.34085216542, 10.4408965278, 7.11419310153, 9.98505291647, 8.56421292224, 8.22572667132
9.37529319662, 10.4046499366, 7.15142997726, 9.95168504141, 8.5685858898, 8.22535609856
9.40450231899, 10.3640688182, 7.19642626015, 9.92988287349, 8.57299707723, 8.22519781891
9.42823735066, 10.3200614521, 7.24554693524, 9.92054696012, 8.57780625802, 8.22492320375
9.44614308585, 10.2733775722, 7.29546773708, 9.92336006222, 8.58335195939, 8.22440580641
9.457796561, 10.2247545682, 7.34350126749, 9.93724458441, 8.58985253249, 8.22371048984
9.46288733761, 10.1750144034, 7.38764709928, 9.96072107342, 8.59685162234, 8.2223190775
9.46141585972, 10.1250360606, 7.42652253408, 9.99216468276, 8.60398364187, 8.22040486148
9.45384697598, 10.0756122606, 7.45922560231, 10.0299867574, 8.61099120597, 8.21773627627
9.44177339689, 10.0270918661, 7.48512081862, 10.0727586848, 8.6182076352, 8.214417833
9.43798362176, 9.97723569691, 7.50340534663, 10.1192955093, 8.62547508408, 8.21052153516
9.44278647897, 9.92746690586, 7.51189990343, 10.1685686511, 8.63266644315, 8.20623949541
9.45564310033, 9.87914809703, 7.50701141731, 10.2183291043, 8.63928852691, 8.20148997078
9.47583439264, 9.83340630307, 7.48854123064, 10.2647925545, 8.64481507576, 8.19619715081
9.50253855336, 9.7911347074, 7.45867460383, 10.3048922378, 8.6495144686, 8.19027605806
9.53488934227, 9.75301087684, 7.42024525017, 10.3368794974, 8.65347723651, 8.18421433461
9.57195625809, 9.71945430145, 7.37592654206, 10.3600279771, 8.65670691685, 8.17819769378
9.61276277695, 9.69056091087, 7.32795610917, 10.3741289547, 8.6588493121, 8.17245238235
9.65636802431, 9.66609496715, 7.27819083765, 10.3789681436, 8.65965378964, 8.16712858414
9.70195425501, 9.6455548705, 7.22844569622, 10.3739262289, 8.65891180749, 8.1623183205
9.7488917752, 9.62832497792, 7.18096780659, 10.3582466244, 8.6573324049, 8.15823449079
9.79673126593, 9.61378595709, 7.13833632225, 10.3321208413, 8.65488059275, 8.15463998372
9.84525231735, 9.60171501805, 7.10274005973, 10.2970080787, 8.65226873508, 8.15232201811
9.89521416714, 9.59976218276, 7.07555884809, 10.2550416429, 8.65078815514, 8.15013351771
9.94342205419, 9.61302866782, 7.05742801797, 10.2084447224, 8.64979976892, 8.14797774819
9.98599008741, 9.63925770799, 7.04853627788, 10.1592417047, 8.64931608014, 8.14585836622
10.0349618142, 9.64934581866, 7.04904530659, 10.1092442958, 8.64896086516, 8.14422500396
10.0789729765, 9.67307381047, 7.05958492161, 10.0603677522, 8.6489324853, 8.14270801492
10.128445392, 9.68031812526, 7.0811473458, 10.0152560923, 8.64934089645, 8.14187173139
10.1776521286, 9.67144698784, 7.11347662559, 9.97711402011, 8.64990014287, 8.14100695066
10.2223880354, 9.64911542633, 7.15445367409, 9.94846299053, 8.65041652218, 8.14074736325
10.2604307051, 9.61666923572, 7.20114063245, 9.93056528343, 8.65154103105, 8.14105723317
10.2913272843, 9.5773576421, 7.25064750661, 9.92356032727, 8.65372075185, 8.14163796859
10.3158103292, 9.53376199422, 7.3005414672, 9.92681496956, 8.65686563807, 8.14247856666
10.3350154061, 9.48759745132, 7.3489648025, 9.93927212006, 8.66131988898, 8.14380208304
10.3499314467, 9.43987416841, 7.39460006753, 9.95970304235, 8.66734771993, 8.14511407678
10.3612533334, 9.39117288628, 7.43658576769, 9.98685448765, 8.67472369794, 8.14632570518
10.3694599487, 9.34185096959, 7.47443755511, 10.0195231606, 8.68280458898, 8.14671802739
10.3749439257, 9.29215261956, 7.50797857204, 10.0566041555, 8.69100005884, 8.14636107773
10.3781348345, 9.24225454243, 7.53729582224, 10.0971072275, 8.69886158211, 8.14532225695
10.3796203656, 9.19227661533, 7.56274800006, 10.1401442655, 8.70709289639, 8.14277964852
10.3803057121, 9.14228131255, 7.58513281871, 10.1848535475, 8.7152678025, 8.13892357056
10.3816579001, 9.09229960002, 7.60681822215, 10.2299062197, 8.72323202571, 8.13405047527
10.3857741313, 9.04246932166, 7.63425079138, 10.2717087812, 8.73146267873, 8.12934167857
10.3944109753, 8.99322092142, 7.66836426474, 10.308263821, 8.73960984258, 8.1253669613
10.4083436758, 8.94520134359, 7.70812299237, 10.338582851, 8.74823756932, 8.12151783651
10.4278875057, 8.89917918901, 7.75219055644, 10.3622059286, 8.75686188484, 8.11783430957
10.4535818215, 8.85628627422, 7.79928261433, 10.3790088475, 8.76564319952, 8.11478387031
10.486831409, 8.81894373913, 7.84825565285, 10.3890905884, 8.77379265003, 8.11234746285
10.5281491892, 8.79078630597, 7.89813424641, 10.3925728152, 8.7817021906, 8.11018542397
10.5752365954, 8.77397035585, 7.94803717044, 10.3894586261, 8.7893006511, 8.1083008607
10.6249966059, 8.76907736584, 7.99702510703, 10.3794495268, 8.79643862432, 8.10659135486
10.6745439839, 8.77578984211, 8.04376259102, 10.3616841788, 8.80332853602, 8.10551194522
10.7213356459, 8.79341199756, 8.08600628426, 10.3349359007, 8.81001453621, 8.10430238151
10.7630069002, 8.82104362013, 8.12099018158, 10.2992129819, 8.81642892661, 8.10291347401
10.7973693483, 8.85736471816, 8.14663310868, 10.2562893253, 8.82181871438, 8.10142805107
10.8227650294, 8.90043511843, 8.16198063322, 10.2087030512, 8.82663891623, 8.10030768078
10.8613601081, 8.93222222123, 8.16701652527, 10.1589572997, 8.8306457702, 8.09981938236
10.9084994481, 8.94889203285, 8.16230150074, 10.1091801107, 8.83451346002, 8.09990705926
10.9584943934, 8.94960297936, 8.14863082302, 10.0610852817, 8.83806699439, 8.1007805009
11.0066579084, 8.93617629602, 8.12686039359, 10.0160736343, 8.84125688462, 8.10160759361
11.0499987595, 8.9112449778, 8.09788824549, 9.97532299465, 8.84457323769, 8.1022622572
11.0869479204, 8.87755878612, 8.06266442231, 9.93983662712, 8.84796676845, 8.10260363038
11.1169914286, 8.83759145433, 8.02217431652, 9.91050147187, 8.85124327067, 8.10233468379
11.1403466545, 8.79338134886, 7.97747934963, 9.88808808448, 8.85477604332, 8.10185541951
11.1577824619, 8.74651992954, 7.92974374925, 9.8732115104, 8.85862160094, 8.10065866011
11.1706671708, 8.69820860297, 7.88022886586, 9.86626339389, 8.86255647334, 8.09884372655
11.181712348, 8.64944381997, 7.83024186525, 9.86740346863, 8.86685524268, 8.09671091172
11.1959939753, 8.60152685929, 7.78107131854, 9.87647305163, 8.87195918187, 8.09402771985
11.2164321589, 8.55589484582, 7.73388084295, 9.892997549, 8.87752808371, 8.08991300242
11.2440310347, 8.5142018961, 7.68965176031, 9.91631681676, 8.8835461491, 8.0849675519
11.2791772894, 8.47863870195, 7.64923177711, 9.94574851664, 8.88971650639, 8.08008630521
11.3211845181, 8.4515205764, 7.61347404058, 9.9806968253, 8.89557437021, 8.0757052548
11.3681239874, 8.43429599443, 7.58348208038, 10.0207028539, 8.90115588583, 8.07172088278
11.4176363971, 8.42733027256, 7.56083416713, 10.06527944, 8.90735854397, 8.06781579934
11.4675548447, 8.43018484656, 7.54689298371, 10.1132965557, 8.91458415171, 8.06450114716
11.5161568884, 8.44192543203, 7.54242002289, 10.16309608, 8.92198657929, 8.06081468982
11.5622215676, 8.46136881989, 7.54752439985, 10.212834851, 8.92902613968, 8.05681701817
11.6050011676, 8.48725135886, 7.56176319226, 10.2607645577, 8.93543776823, 8.05245589056
11.6441686524, 8.51833042155, 7.58428672989, 10.305404117, 8.94125307335, 8.04762859209
11.6797769325, 8.55343099683, 7.6140238772, 10.3455999137, 8.94684242673, 8.0428529201
11.7122570247, 8.59144472609, 7.64984921848, 10.3804789177, 8.95207414497, 8.03842608272
11.7424918275, 8.63126754239, 7.69070078177, 10.4093085861, 8.95722414915, 8.03486769737
11.772126768, 8.67153875176, 7.73564696802, 10.4312138444, 8.96340648084, 8.03123903762
11.8038491893, 8.71018701155, 7.78384701125, 10.4445087995, 8.96922681894, 8.02728541713
11.8396979762, 8.74504191767, 7.83380456559, 10.4465685967, 8.97448075525, 8.02283847368
11.8798732412, 8.77480679762, 7.88269094462, 10.4360746963, 8.97892013264, 8.01791922975
11.9236703426, 8.79892761671, 7.92743164556, 10.4137527412, 8.98294248537, 8.01244283045
11.9701598708, 8.81733206629, 7.9656210545, 10.3814793923, 8.98648652034, 8.00666073757
12.0184701379, 8.83022074718, 7.99570732388, 10.34154424, 8.98927365546, 8.00024585424
12.0678759947, 8.83790588263, 8.01683433512, 10.2962270314, 8.99162220988, 7.9926708281
12.1178000149, 8.84066127982, 8.02854332539, 10.2476173662, 8.9938488384, 7.98434557694
12.1677554032, 8.83854960255, 8.05617166179, 10.2059439331, 8.9953249948, 7.97584524609
12.2172421582, 8.83140389918, 8.0963869592, 10.1762331631, 8.99733896741, 7.96773705486
12.2656404925, 8.81884996625, 8.14403630657, 10.1610825956, 8.9997057012, 7.96024504828
12.3121608132, 8.80052348907, 8.19401987925, 10.1598010099, 9.00259438588, 7.95377100974
12.3559439378, 8.77637730915, 8.24284886062, 10.1705588247, 9.00604617214, 7.94908562213
12.3962210376, 8.74675037494, 8.28835362102, 10.1912787856, 9.00942647474, 7.94613804321
12.4323928839, 8.71223085099, 8.32911390759, 10.2202373601, 9.01324347164, 7.94401049304
12.4640372763, 8.67351867684, 8.36350896102, 10.2565275833, 9.01713457959, 7.94245399005
12.490861776, 8.63132334274, 8.3875706239, 10.3003572123, 9.02067379087, 7.94129133251
12.5126363816, 8.58631371547, 8.39695497338, 10.3494686569, 9.02351732681, 7.94003342646
12.5291255345, 8.5391108783, 8.42097353898, 10.393321918, 9.02518057247, 7.93878192745
12.5399559656, 8.49029795212, 8.45562676655, 10.4293656944, 9.02535402256, 7.9372922112
12.5429189589, 8.44038582262, 8.49747950105, 10.4567216556, 9.0240449249, 7.93560408712
12.5576871978, 8.39261659487, 8.54382645407, 10.4754822512, 9.02200969103, 7.93435200819
12.5814678863, 8.348633884, 8.59269950588, 10.4860380461, 9.01951050329, 7.9338291905
12.61207381, 8.30909558063, 8.64265571843, 10.4881301331, 9.01644603077, 7.93422744666
12.6477625181, 8.27407678407, 8.69163015443, 10.4780551831, 9.0135101395, 7.93564425716
12.6871900118, 8.2433282436, 8.74131280528, 10.4836796124, 9.01103448183, 7.93690406691
12.7293439256, 8.21643870002, 8.78795485177, 10.5016940371, 9.00961990981, 7.93795257459
12.7734830986, 8.19294969393, 8.82972909428, 10.5291697112, 9.00933461623, 7.93899618955
12.8190833602, 8.17244076564, 8.86598508232, 10.5636008501, 9.01005570921, 7.94011440644
12.8657870794, 8.15458684123, 8.89670453721, 10.6030510097, 9.0116249867, 7.94115865568
12.9133565846, 8.13918741999, 8.92204437307, 10.6461542894, 9.01441304102, 7.94163488837
12.9616334548, 8.12617420344, 8.94206967314, 10.6919689962, 9.01832374915, 7.94145755948
13.0105019717, 8.11559743388, 8.95671184336, 10.739777017, 9.02356364782, 7.9408648626
13.0598624151, 8.10762582018, 8.96583026206, 10.7889385308, 9.02976607826, 7.93996810423
13.1096091681, 8.10259983169, 8.96922637966, 10.8388230613, 9.03651105041, 7.93885329815
13.1595912799, 8.10126248322, 8.96646538161, 10.888746772, 9.04291119614, 7.93708507328
13.209392353, 8.10571816722, 8.95653872276, 10.9377514804, 9.04916470855, 7.93449188595
13.2571705756, 8.12045727998, 8.93811843599, 10.9842347358, 9.05537485748, 7.93120930161
13.2998557837, 8.1464951948, 8.9110094333, 11.0262478525, 9.06129505934, 7.9275163941
13.3349442466, 8.18211541065, 8.87637063156, 11.0623054926, 9.06688756285, 7.92417491989
13.3609496937, 8.22482040707, 8.83591356422, 11.0916861955, 9.07184924535, 7.92134514583
13.3999927895, 8.25605559032, 8.79131531737, 11.1142914245, 9.07657825155, 7.91859372613
13.4473643603, 8.27205353632, 8.74397899396, 11.130393365, 9.08161111656, 7.91551791724
13.4973578709, 8.27124799551, 8.69499687116, 11.1404308769, 9.08680229091, 7.91204254827
13.5447606535, 8.25534276985, 8.64519831886, 11.1449146464, 9.09177655938, 7.90819996549
13.586001615, 8.22707294324, 8.59520090093, 11.1444065129, 9.09643780198, 7.90366031488
13.618966237, 8.18947861265, 8.54543492715, 11.1395745511, 9.10035889837, 7.89875370566
13.6426817686, 8.14546073488, 8.49611358218, 11.1313645006, 9.10385640578, 7.8936979459
13.6569918553, 8.0975522657, 8.44711511925, 11.1214070596, 9.10664975928, 7.88892092444
13.6622759198, 8.04783226307, 8.39790543395, 11.1125522941, 9.10862803945, 7.88383007366
13.6592306159, 7.99792508799, 8.34818363269, 11.1072851811, 9.10953357045, 7.87877026064
13.6487013864, 7.94904630604, 8.29819190451, 11.1063757231, 9.11020828012, 7.87428400488
13.631552545, 7.9020791128, 8.2483038285, 11.1097193547, 9.11049285389, 7.87056755526
13.6085835119, 7.85766713785, 8.19882659141, 11.1169306659, 9.11036022323, 7.86785298717
13.5804651836, 7.81632273541, 8.14998001233, 11.1276082926, 9.10954989832, 7.86581306658
13.5476694422, 7.77858099007, 8.10191900784, 11.1413974132, 9.10907110193, 7.86427056583
13.5103427395, 7.74531362965, 8.05470526943, 11.1578553264, 9.10892766871, 7.86305558546
13.4684616235, 7.71800113947, 8.00485551551, 11.1617285724, 9.10890428509, 7.86138946129
13.4224652844, 7.69839663002, 7.95550850896, 11.1536741982, 9.10864689456, 7.85898561845
13.3736770492, 7.68745551002, 7.90903197394, 11.1352369616, 9.10800000463, 7.85592373073
13.3237367937, 7.68501197194, 7.86701160821, 11.1081391967, 9.10659287603, 7.85234468436
13.2739984134, 7.69012015405, 7.83042962664, 11.0740546162, 9.10368182943, 7.84817418323
13.2253007578, 7.7014576291, 7.7999471276, 11.0344210793, 9.09937689521, 7.84371854464
13.177980991, 7.71760816071, 7.77796616971, 10.9895118654, 9.09454420915, 7.83955212055
13.1319852292, 7.73721402449, 7.74593130227, 10.9511221888, 9.09017737336, 7.83624292926
13.0870009122, 7.75904087085, 7.70655559892, 10.920307355, 9.08584651639, 7.83346109163
13.0425871982, 7.78200654109, 7.6619935979, 10.8976307577, 9.08143927417, 7.83169638853
12.9983033762, 7.80522168934, 7.61415215747, 10.8830981537, 9.07675226857, 7.8308208639
12.9538107326, 7.82803406914, 7.56462151061, 10.8762633149, 9.07160398695, 7.83067895694
12.9089071219, 7.85002647116, 7.51462160854, 10.8763622758, 9.06611181098, 7.83137738508
12.8635080823, 7.87097706058, 7.46499052552, 10.8824249153, 9.06023645885, 7.83269182111
12.8176101546, 7.89081087606, 7.41619407743, 10.8933293481, 9.05377245713, 7.83454225812
12.7712590342, 7.90956117299, 7.36831112108, 10.9077245727, 9.04740790365, 7.83660453347
12.7245290481, 7.92734623405, 7.32091049926, 10.9236362367, 9.04134522069, 7.83916836124
12.67751261, 7.94435959795, 7.27304137641, 10.9380773958, 9.03673776534, 7.84198523043
12.6303164042, 7.96086772191, 7.2240832246, 10.9482311819, 9.03385256105, 7.84429659143
12.5830607567, 7.97720491199, 7.17428485772, 10.9527170103, 9.0323689438, 7.84665330043
12.5358687431, 7.99372501642, 7.12431078729, 10.9511069531, 9.0313042712, 7.84853027154
12.4888518522, 8.01073712893, 7.07490147108, 10.9434440899, 9.03076223539, 7.84988830263
12.4421000071, 8.02846464949, 7.02676173153, 10.9299324107, 9.03037802732, 7.85119302853
12.395699821, 8.04709319543, 6.98062734238, 10.910655011, 9.03059446496, 7.85213197086
12.3497378269, 8.06677809075, 6.93753133153, 10.8853028149, 9.03178024379, 7.85284752792
12.3042940874, 8.08763154459, 6.89895953785, 10.8534874612, 9.03367487919, 7.85338435692
12.2594507429, 8.10974657243, 6.86657522602, 10.8153921026, 9.03625349252, 7.85374102996
12.2155710882, 8.1337168854, 6.8415314268, 10.7721161494, 9.03944404499, 7.85404766588
12.1664679149, 8.14314441782, 6.82407988673, 10.7252605868, 9.04330714052, 7.85452880786
12.1167815261, 8.13755310573, 6.813743085, 10.676340749, 9.04730066864, 7.85585373205
12.0707926183, 8.11793117004, 6.80967281771, 10.6265066951, 9.05007292102, 7.85800545743
12.0317278092, 8.08672314718, 6.81087328932, 10.5765211085, 9.05237748523, 7.86056773734
12.0013213542, 8.04703124004, 6.8163381715, 10.5268206552, 9.05423696194, 7.86381229367
11.9798814896, 8.00186120347, 6.825194598, 10.4776112688, 9.05560752897, 7.86709128223
11.9668010545, 7.95360250251, 6.83672505143, 10.4289589446, 9.05678771311, 7.87030431875
11.9612821375, 7.90390802036, 6.853574805, 10.3818836241, 9.05785853467, 7.87327161892
11.9629329368, 7.85393527918, 6.8839432648, 10.3421626391, 9.0583726185, 7.8764994768
11.9718735675, 7.80474112177, 6.92445245341, 10.3128538411, 9.05879449997, 7.87931122674
11.9878559808, 7.75736430818, 6.97137175427, 10.2955743965, 9.05975446908, 7.8820943404
12.010120912, 7.71259520234, 7.02114326814, 10.2907998382, 9.06133732245, 7.88514260266
12.0376540837, 7.67085883382, 7.0706198863, 10.2980153947, 9.06316875627, 7.88850072709
12.069432919, 7.63225694753, 7.11728548645, 10.3159687165, 9.06516621843, 7.89267876916
12.1044895724, 7.59660542504, 7.15940047938, 10.3429191779, 9.06790138794, 7.89850893308
12.1419354896, 7.5634723105, 7.19596350301, 10.377024094, 9.07107644748, 7.90566219857
12.1809946891, 7.53225726699, 7.2265292788, 10.4165934426, 9.07501849235, 7.91405552483
12.2184232818, 7.49910458321, 7.25096213245, 10.4602172396, 9.07948845794, 7.92338519197
12.2451888026, 7.45687181277, 7.26920788192, 10.5067692817, 9.08459533706, 7.93297190692
12.2597942587, 7.40905256295, 7.28111634545, 10.5553304647, 9.08991552721, 7.94188301007
12.261978567, 7.35910029776, 7.28638528639, 10.6050520723, 9.09504287433, 7.95010947338
12.2524632523, 7.31001405951, 7.28471166201, 10.6550240543, 9.1001504161, 7.95740029782
12.2327125109, 7.2640803223, 7.27608353713, 10.7042739828, 9.10488410806, 7.96383230127
12.2045985972, 7.2227329178, 7.26092236666, 10.7519199576, 9.10860727069, 7.9699703482
12.1700542574, 7.18658477002, 7.2399688667, 10.797317654, 9.11175166894, 7.97552184217
12.1308318168, 7.15557509169, 7.21408523893, 10.8400965952, 9.11410479641, 7.98031439976
12.0884026218, 7.12912204998, 7.18412907436, 10.8801294343, 9.11483843769, 7.98489426285
12.0439129438, 7.1063038873, 7.15097811822, 10.9175595573, 9.11402946794, 7.98930095149
11.9982006584, 7.08604587744, 7.11619207361, 10.9534751681, 9.11245477382, 7.99391228165
11.9518979554, 7.06717633328, 7.08713291701, 10.994163808, 9.11058641404, 7.99808083903
11.9060000795, 7.04734239795, 7.06533580809, 11.0391625418, 9.10824529115, 8.00219125328
11.8675195359, 7.01541673801, 7.05079109397, 11.0870003019, 9.10599176611, 8.00571979544
11.8398311265, 6.97378319401, 7.04313779615, 11.1364111006, 9.10389999909, 8.00835511355
11.8248914812, 6.92606729523, 7.04214301964, 11.1864012039, 9.10178170809, 8.01039400261
11.8233117998, 6.87609225539, 7.04883504382, 11.2359513483, 9.09951966972, 8.01161543428
11.8346057646, 6.82738449052, 7.06850024191, 11.2819217734, 9.09741403471, 8.01210605474
11.857497584, 6.78293266711, 7.10111561722, 11.3198194949, 9.09555022499, 8.01209589565
11.8901958578, 6.74510644745, 7.14319764368, 11.3468214031, 9.0943061028, 8.01166066043
11.9306101719, 6.71566696351, 7.19085194188, 11.3619563912, 9.09317789684, 8.01098466889
11.9764528751, 6.69570583713, 7.24071625786, 11.3656374225, 9.09247195047, 8.00978772541
12.0254329156, 6.68565816925, 7.2902810999, 11.3590551406, 9.09159387342, 8.00836680206
12.0754322527, 6.6854007063, 7.33786225646, 11.3436917575, 9.09053236845, 8.00669288234
12.124629, 6.69432707467, 7.38240668512, 11.3209806617, 9.0897125712, 8.00506061759
12.1715903044, 6.71149203594, 7.42320364271, 11.2920737723, 9.08927515823, 8.00329508362
12.2152469313, 6.73586618048, 7.4592388935, 11.2574116792, 9.08910127144, 8.00150957093
12.2547560995, 6.76650970561, 7.48303656244, 11.2134381536, 9.08988768413, 7.99942777638
12.2887017466, 6.80322064464, 7.5179042921, 11.1776018392, 9.09118421055, 7.99671917683
12.3299542541, 6.83147362002, 7.56022897858, 11.1509819047, 9.09333299009, 7.99367057811
12.3757075605, 6.85163881181, 7.60717815851, 11.1337838087, 9.09670141907, 7.99003187277
12.4241154767, 6.86415574634, 7.65652567144, 11.1257325376, 9.10034526799, 7.98563859465
12.4738189246, 6.86959332475, 7.70652227048, 11.1263157051, 9.10485608888, 7.98081064387
12.5238099075, 6.86864377985, 7.75577284227, 11.1349401574, 9.1095587738, 7.97521394537
12.5733884671, 6.86216563006, 7.80311921369, 11.1510125286, 9.11445600111, 7.96838943558
12.6221657067, 6.85117559355, 7.84754173213, 11.1739611637, 9.11901895994, 7.96076960712
12.6700379704, 6.83674484982, 7.88809249252, 11.2032124172, 9.12328964176, 7.95241237569
12.7171124157, 6.81989265124, 7.92386303214, 11.2381476215, 9.12730175076, 7.94334189677
12.7635510963, 6.80136027569, 7.95395907423, 11.2780754094, 9.13134746346, 7.93406178295
12.8094603267, 6.78155263655, 7.97741524123, 11.3222320423, 9.13529740572, 7.92481700387
12.8548259973, 6.76052988864, 7.99321977236, 11.3696684924, 9.13931842504, 7.91614156747
12.8994091102, 6.73789482646, 8.00039748485, 11.4191506149, 9.14314553421, 7.90818078447
12.9422391863, 6.71209590047, 7.99825779548, 11.4691048112, 9.14679582168, 7.90201260676
12.9806129897, 6.68004202063, 7.98668797947, 11.5177477897, 9.15066732234, 7.89721029175
13.0120967592, 6.64119910286, 7.96620194325, 11.5633583402, 9.15409116453, 7.89337003171
13.0355270384, 6.59702872801, 7.93776910748, 11.6044870874, 9.15694932205, 7.88995408292
13.0507175323, 6.54939209403, 7.90264058528, 11.6400677975, 9.15881916004, 7.88686305586
13.0582627298, 6.49996467255, 7.86213763637, 11.6693852177, 9.15998812784, 7.88477070044
13.0594296713, 6.44997829193, 7.81752912635, 11.6919701869, 9.1603160483, 7.88369065346
13.0560601175, 6.40009196005, 7.76999198565, 11.7074692274, 9.16076441397, 7.88352386461
13.0501719713, 6.35043987315, 7.72065767632, 11.7156010121, 9.16169698386, 7.88433277958
13.04328604, 6.3009163035, 7.67066042668, 11.7161254433, 9.16417267374, 7.88582206616
13.0362064757, 6.25142004336, 7.62116838587, 11.7090164422, 9.16793193192, 7.88758653721
13.0292826219, 6.2019017614, 7.57327852093, 11.6946442177, 9.17270355017, 7.8893031793
13.0226484436, 6.15234383893, 7.52784759824, 11.6737628561, 9.17809996313, 7.89088773527
13.0164460579, 6.10273002622, 7.48542150519, 11.6473048398, 9.18371948507, 7.89176404694
13.0115337845, 6.05297191563, 7.44632203826, 11.6161402495, 9.18931199141, 7.89192996895
13.0173686884, 6.00331354377, 7.41070342419, 11.5810501607, 9.19467893776, 7.89110160062
13.0352438372, 5.95661794381, 7.37859684445, 11.5427204394, 9.20029984667, 7.88899266339
13.0632989219, 5.91523060005, 7.34994591362, 11.5017433218, 9.20569270318, 7.88568297301
13.0992463023, 5.88047738664, 7.32463425953, 11.4586234869, 9.21107564919, 7.88105853172
13.1409123818, 5.85283796166, 7.3025065163, 11.4137864154, 9.21595616042, 7.87553231219
13.1864514426, 5.8321934965, 7.28338399531, 11.3675876146, 9.22020850943, 7.86955621591
13.2344139846, 5.81806570233, 7.26707615747, 11.3203218297, 9.22389623018, 7.86388409617
13.2837368376, 5.80986471649, 7.25338883427, 11.2722317353, 9.2280524264, 7.85934113222
13.3336689261, 5.80725961823, 7.24212997114, 11.2235158446, 9.23176823937, 7.85605138206
13.3835572646, 5.81059933236, 7.23299695585, 11.1743570404, 9.23468956216, 7.8540744913
13.4323950479, 5.82131711758, 7.22530427685, 11.1249523575, 9.23618088917, 7.8530618939
13.4783810627, 5.84094583218, 7.21770144483, 11.0755337685, 9.23629796754, 7.85295124888
13.5194984659, 5.86939507044, 7.20665289622, 11.0267697492, 9.23448367336, 7.8529771541
13.5542169311, 5.90537601223, 7.18787515378, 10.9804297407, 9.23085928363, 7.8534038207
13.5816473689, 5.94717997239, 7.16058882109, 10.9385315779, 9.22528136187, 7.85418794508
13.601448699, 5.99309192428, 7.12545190487, 10.9029591571, 9.21792347267, 7.85521158392
13.6136963313, 6.04156867647, 7.08378837124, 10.8753158945, 9.20865426382, 7.85611187499
13.6187487525, 6.0913127519, 7.03739583209, 10.8566683126, 9.19801364805, 7.85689783825
13.6171361326, 6.1412867397, 6.98827184577, 10.8473498381, 9.1861553819, 7.85732771105
13.609476809, 6.19069660474, 6.93827295643, 10.8470165745, 9.17349140098, 7.85759330662
13.5964185486, 6.23896131063, 6.88889701871, 10.8548916475, 9.1603743601, 7.85784003094
13.5785879559, 6.28567394236, 6.84125009945, 10.8700498494, 9.14742896003, 7.85776355844
13.5565357593, 6.33054821811, 6.79608243895, 10.8914947193, 9.13448046157, 7.85747655945
13.5307169936, 6.37336633743, 6.75399001839, 10.9184804216, 9.12271563414, 7.85749773623
13.5014706815, 6.41392066182, 6.71651918863, 10.9515853596, 9.11202740535, 7.85816973442
13.4689103697, 6.45186570225, 6.67086596159, 10.9719761139, 9.10239908868, 7.8595201999
13.4512916531, 6.49865865926, 6.62162095761, 10.9806323014, 9.09361557639, 7.86012929615
13.4482629654, 6.54856684547, 6.57166583747, 10.9785142902, 9.08654186296, 7.85993132771
13.4564815481, 6.59788676942, 6.52304479175, 10.9668526474, 9.08089879975, 7.85895846831
13.4739599913, 6.64473230308, 6.4771369167, 10.9470418673, 9.07651313968, 7.85737069735
13.4990581823, 6.68797673407, 6.43474616767, 10.92052726, 9.07311783803, 7.85487130342
13.5303865986, 6.72694505877, 6.39617850855, 10.8887068944, 9.07016034026, 7.85156602945
13.5667768364, 6.76123427859, 6.36134953434, 10.8528329128, 9.0677214714, 7.84766406933
13.607220647, 6.79063322728, 6.32999515524, 10.813885475, 9.06645962437, 7.84337382392
13.6508733343, 6.81501442686, 6.30212063866, 10.7723763034, 9.06637399782, 7.83876135372
13.6970386099, 6.83421774235, 6.28061682595, 10.7272366752, 9.06742179346, 7.83430341973
13.7451476126, 6.84783845656, 6.27374161473, 10.6777116161, 9.06932291669, 7.83016992122
13.7946996014, 6.85451681052, 6.28182838133, 10.6283699075, 9.07215935278, 7.8264401609
13.844622219, 6.85173611923, 6.30298075771, 10.5830645329, 9.07592276368, 7.82327305614
13.8926831883, 6.8379468757, 6.33441178879, 10.5441789278, 9.08048229239, 7.8204344993
13.9363153542, 6.81352897049, 6.37328247528, 10.5127294487, 9.08522785737, 7.81810970067
13.9734597948, 6.78005822898, 6.4171441044, 10.4887261679, 9.08941183271, 7.81556023425
14.0028424201, 6.73960255783, 6.46409883426, 10.4715432303, 9.0930627754, 7.81300024278
14.0239444518, 6.69427371209, 6.51278866716, 10.460172207, 9.09615262254, 7.81132006141
14.0368538793, 6.64596898476, 6.56233464653, 10.4534494152, 9.09844376513, 7.81037917314
14.0420961396, 6.59624455709, 6.61224710116, 10.450491904, 9.09969964551, 7.81020192239
14.0404896902, 6.54627037055, 6.66224014803, 10.4513257293, 9.10055687074, 7.81028100137
14.0329871232, 6.49683646024, 6.71164660817, 10.4590069854, 9.10086263145, 7.81006315224
14.0205343656, 6.44841199506, 6.75717962288, 10.4796647823, 9.10069993395, 7.80950261095
14.0039717927, 6.40123486948, 6.8067353911, 10.4863150331, 9.100119531, 7.80938526184
13.9839764353, 6.35540708659, 6.85643418252, 10.4808350576, 9.0994188011, 7.80953150943
13.9610280053, 6.31098446216, 6.90388510833, 10.4650740412, 9.09891940376, 7.80958341057
13.9354038788, 6.26804957961, 6.94762825427, 10.4408555114, 9.0985465923, 7.80962077742
13.9072047057, 6.22676027546, 6.98690586532, 10.409915743, 9.097508291, 7.80976019695
13.8764122688, 6.18736705482, 7.02149211789, 10.373807695, 9.09603088037, 7.80997617951
13.8429701972, 6.15019680001, 7.05155444052, 10.3338545129, 9.09430262502, 7.8099555008
13.8068674176, 6.11560504797, 7.07756011875, 10.2911496572, 9.09235777912, 7.80996134323
13.7681959735, 6.08391089376, 7.10022696621, 10.246582696, 9.09038667254, 7.80996896243
13.7271567649, 6.05534897238, 7.12053800619, 10.2008939485, 9.08810003029, 7.8104585491
13.684027429, 6.03005351067, 7.14019682659, 10.1549207956, 9.08535858369, 7.81162596871
13.6391214013, 6.0080660442, 7.16487434519, 10.111434935, 9.08252168499, 7.81322310159
13.5927520461, 5.98936088721, 7.19802668737, 10.0740060396, 9.08000433808, 7.81604098106
13.5452090883, 5.97387969986, 7.23862083448, 10.044815027, 9.078220375, 7.82091821189
13.4967463479, 5.96157674136, 7.28472831383, 10.0254733531, 9.07661510911, 7.82751302942
13.4475776998, 5.95249687107, 7.33406024095, 10.017327129, 9.07504080264, 7.83545661479
13.3978823472, 5.94698579758, 7.3839047589, 10.0212671836, 9.07390025971, 7.84378668244
13.3478833049, 5.94667633125, 7.43129885729, 10.0371982676, 9.07261418754, 7.85231111931
13.2991738532, 5.95796301889, 7.47356804373, 10.0639062417, 9.0710657993, 7.86108128169
13.2553756706, 5.98208187464, 7.50871627645, 10.0994674809, 9.06901843138, 7.86968560255
13.2194581615, 6.01686595922, 7.53543156821, 10.1417320428, 9.06638898589, 7.87768441521
13.1931688348, 6.05939678686, 7.55270132431, 10.1886549106, 9.06329689622, 7.88495007988
13.1771733401, 6.10676918545, 7.58497815266, 10.2268413787, 9.06042147832, 7.89133033758
13.1713273872, 6.15642625781, 7.62836034572, 10.2517006894, 9.05770650725, 7.89679732202
13.1749568734, 6.20629435211, 7.67713513571, 10.2627015921, 9.05504043876, 7.90129866985
13.187107047, 6.25479562305, 7.72710088563, 10.2608512314, 9.05248344952, 7.90531903953
13.2067552393, 6.30077331913, 7.77538289828, 10.2478571075, 9.04994204589, 7.90868141018
13.2330042236, 6.34332905699, 7.82008299076, 10.2254539441, 9.04759091096, 7.91203831232
13.2652778559, 6.3815182264, 7.85974125039, 10.1950036166, 9.04534457962, 7.91593590746
13.3034958143, 6.41375776202, 7.89269386695, 10.1573987624, 9.04319525425, 7.91997979217
13.347303087, 6.43786010336, 7.91720355559, 10.1138180882, 9.04097143047, 7.92395335486
13.3950939692, 6.45255811604, 7.9321744717, 10.0661119914, 9.03920590486, 7.92794267777
13.4447968208, 6.45800114253, 7.93756034041, 10.0164029136, 9.03670267789, 7.93123572351
13.4947240667, 6.45530482606, 7.93413844938, 9.96652014441, 9.03390241585, 7.93402733959
13.5438503599, 6.44599852111, 7.92311752463, 9.9177498746, 9.03130611676, 7.93625477397
13.5917306833, 6.43159454123, 7.90583205497, 9.87083279307, 9.02930496645, 7.93804260394
13.6382869931, 6.41335968409, 7.88357962486, 9.82605747226, 9.02763272556, 7.93975648089
13.6836181571, 6.39226263286, 7.85754996659, 9.78336722876, 9.02651711001, 7.94119865559
13.7278827649, 6.36901086949, 7.82850394539, 9.74266921096, 9.02646472058, 7.94275968349
13.7712380527, 6.34410466509, 7.79598548311, 9.70468829982, 9.02755829369, 7.94448758163
13.8137919448, 6.31785268875, 7.75457162837, 9.67667236443, 9.02952708394, 7.94647626516
13.8554041292, 6.29013218887, 7.70695390137, 9.66142270625, 9.0319113719, 7.94927652224
13.8881784372, 6.25237182956, 7.65697868104, 9.65984874517, 9.0348209112, 7.95212743313
13.9094120248, 6.20710445988, 7.60852528092, 9.6721884379, 9.03791736429, 7.95502133318
13.918719516, 6.15797839137, 7.56545689016, 9.6975875268, 9.04195245334, 7.95815946175
13.9167610014, 6.10801676389, 7.53113545495, 9.73394738221, 9.04682696005, 7.96079535545
13.9047455726, 6.05948193648, 7.50787454058, 9.77820718183, 9.05268971231, 7.96317232183
13.8840724266, 6.0139558886, 7.49675098903, 9.82695414688, 9.05927011163, 7.96566989212
13.8561523652, 5.97247733791, 7.49777336124, 9.87694369333, 9.0658954455, 7.96864491133
13.8223106442, 5.93567057325, 7.5101880063, 9.92537794349, 9.07211530001, 7.97217116222
13.7837386525, 5.90385545968, 7.53277674315, 9.96998454577, 9.07810646446, 7.97598282132
13.7414763435, 5.87713660419, 7.56409228454, 10.0089632177, 9.08340706021, 7.97986725535
13.69641309, 5.85547319752, 7.60260699642, 10.0408476492, 9.08867373132, 7.98330734188
13.6492989159, 5.83873239123, 7.64674711652, 10.0643348754, 9.09352889245, 7.98540345743
13.6007610524, 5.82672923308, 7.6947835743, 10.0782092664, 9.09847421146, 7.98705265381
13.5513227317, 5.81925578388, 7.74468123403, 10.0814066955, 9.10276027176, 7.98833865182
13.5014223315, 5.81610141172, 7.79401502607, 10.0732717731, 9.10581349464, 7.98918922956
13.4514316296, 5.81706563442, 7.84009553474, 10.0538659307, 9.10694243849, 7.98955263174
13.4016721743, 5.82196426789, 7.8804159319, 10.0242979485, 9.10692177053, 7.9886896153
13.3524287342, 5.83062934749, 7.91309453843, 9.9864547367, 9.10517994533, 7.98650178389
13.3039586108, 5.84290318722, 7.93707048594, 9.94257816048, 9.10153282121, 7.98381841492
13.2564953568, 5.85862703913, 7.95206567403, 9.8948796874, 9.09586261656, 7.98099447722
13.210245586, 5.87762595223, 7.95841941127, 9.84528503019, 9.08863144812, 7.97859883947
13.165378701, 5.89969318191, 7.95677918705, 9.79531194079, 9.08007040248, 7.97700687408
13.1220194482, 5.92459248303, 7.94792261577, 9.74610258045, 9.07085894264, 7.97630670374
13.0802615892, 5.95209305056, 7.93266169098, 9.69848846307, 9.06099079206, 7.97676156671
13.0401805893, 5.9819847459, 7.91177125736, 9.65306171122, 9.05090047946, 7.97819855918
13.0019849693, 6.01425074366, 7.88588798825, 9.61028255297, 9.04115976287, 7.9799851976
12.9561862205, 6.03431251341, 7.85530379199, 9.57072744029, 9.03203097322, 7.98173633128
12.9068889201, 6.04266572703, 7.81856231623, 9.53681484736, 9.02340018609, 7.98265429914
12.8569376716, 6.04045829155, 7.77349668707, 9.51515638324, 9.01527599038, 7.98217394191
12.8081937392, 6.02932145842, 7.72406438397, 9.5076432341, 9.00707947389, 7.98092553025
12.7616662913, 6.01101308349, 7.67444092884, 9.51376799539, 8.99991620228, 7.97916355693
12.717708411, 5.98718652769, 7.62784580605, 9.53190344498, 8.99411098844, 7.97760803994
12.6762220766, 5.95927803331, 7.58649352191, 9.56001018078, 8.98954593914, 7.97637202106
12.636832901, 5.92848042229, 7.5518261405, 9.59604034406, 8.98598548697, 7.97536462865
12.5990155131, 5.89577193452, 7.52473390534, 9.63806427527, 8.9832439809, 7.97434789924
12.5621668345, 5.86197585655, 7.5056910517, 9.68429597137, 8.98114275153, 7.97316277782
12.5256218841, 5.82785157488, 7.4948389159, 9.73310407673, 8.98005044796, 7.97168111438
12.4886064913, 5.79423817431, 7.49212444232, 9.78303033869, 8.97907394364, 7.96983907078
12.4504302044, 5.76194930443, 7.49775090414, 9.8327127594, 8.97814186551, 7.96726413469
12.4106383377, 5.73167378066, 7.51608884367, 9.87922856288, 8.97711173632, 7.96400426105
12.3690487849, 5.70391933778, 7.52165248394, 9.92891805782, 8.97639783339, 7.96098422703
12.3256879019, 5.67902287561, 7.51620641084, 9.97862057574, 8.97581405952, 7.95890059887
12.2807118973, 5.65717890595, 7.50144335897, 10.0263914068, 8.97574522096, 7.95756553443
12.2343468948, 5.63846296235, 7.47896481759, 10.0710536411, 8.97610799593, 7.95697583776
12.186842278, 5.62286452075, 7.45035254059, 10.1120577581, 8.97627840905, 7.95676365051
12.1384410651, 5.61032169042, 7.4170342756, 10.1493390297, 8.9759420708, 7.95690562889
12.0893648324, 5.60075490525, 7.38017257844, 10.1831209078, 8.97519798637, 7.95762994219
12.0398095257, 5.59410121579, 7.34064159429, 10.2137362845, 8.97415944999, 7.9588734332
11.9899497306, 5.59035944825, 7.29901578277, 10.2414363173, 8.97299046353, 7.96015877992
11.9399556223, 5.58959189328, 7.25555685612, 10.2661612378, 8.97139054074, 7.96143609746
11.8900085342, 5.59189154214, 7.21021633008, 10.2872381611, 8.96923952363, 7.96335177996
11.8412721299, 5.58072181074, 7.16285200923, 10.3032575591, 8.96655467752, 7.96570075126
11.7965296915, 5.55840333847, 7.11377172405, 10.3128035324, 8.962951937, 7.96729733599
11.7575903356, 5.52703892288, 7.06384186421, 10.3154510022, 8.95846694746, 7.96836494246
11.7255345864, 5.48866668107, 7.01398420535, 10.3116808759, 8.9528571563, 7.9688284302
11.7008541229, 5.44518249172, 6.96478741135, 10.3027547647, 8.94627252511, 7.96847567851
11.6835514281, 5.39827176001, 6.91520749367, 10.2962870169, 8.93885582, 7.96803635702
11.6732129015, 5.3493522867, 6.86522846821, 10.297735124, 8.93046192866, 7.96812354614
11.6693025561, 5.29950542924, 6.81607631885, 10.3069038869, 8.92058000094, 7.96873216871
11.6712058991, 5.24954166952, 6.76875588213, 10.3230524555, 8.90922958153, 7.96989450562
11.6782183332, 5.20003585401, 6.72398667319, 10.3453171795, 8.89668433805, 7.97058342435
11.6895219302, 5.15133032358, 6.6822518997, 10.3728527688, 8.88379994675, 7.97114200265
11.7040178848, 5.10347776566, 6.64386932389, 10.4048961437, 8.87076512232, 7.9714271325
11.7196768529, 5.05599306584, 6.60907302257, 10.4408018176, 8.85785058642, 7.97113097353
11.7322712769, 5.00760525246, 6.57813319609, 10.4800793829, 8.84573716034, 7.97049594542
11.7388013581, 4.95803350606, 6.55164057637, 10.5224838767, 8.83456860471, 7.96956696754
11.7384437149, 4.90803478517, 6.53086208258, 10.5679619395, 8.82356182609, 7.96865255322
11.7311464584, 4.85857015086, 6.51863397435, 10.6164436203, 8.81280250414, 7.96870503226
11.717141737, 4.81057152818, 6.51810875336, 10.6664408617, 8.80269547344, 7.96965861167
11.6967551709, 4.76491643073, 6.53030166899, 10.7149314051, 8.79306013441, 7.97191843705
11.6702824203, 4.72249952995, 6.55484571831, 10.7584927371, 8.78375747281, 7.97536434949
11.6379124829, 4.68439195647, 6.59035886463, 10.7936895614, 8.77515660035, 7.97969242648
11.6000448747, 4.65174162344, 6.63425231373, 10.8176346053, 8.76708583931, 7.9842040971
11.5572575047, 4.62587193141, 6.68298733461, 10.828810371, 8.76025140815, 7.98848971755
11.510491749, 4.60818114014, 6.73296285322, 10.8272459094, 8.75505656984, 7.99168112582
11.4612183195, 4.59968825232, 6.78119673499, 10.8140742485, 8.75106619985, 7.99329159818
11.4112236489, 4.60041826527, 6.82554565999, 10.7909837126, 8.74845161037, 7.99292229026
11.3620550845, 4.60949858851, 6.86463816515, 10.75981039, 8.747328351, 7.99140390374
11.3147046136, 4.62555887821, 6.89770456473, 10.7223055474, 8.74732216311, 7.98901350871
11.2695831945, 4.64710087293, 6.92440564321, 10.6800320047, 8.74863218801, 7.98598492854
11.2266407011, 4.67271224282, 6.94470623782, 10.6343386151, 8.75102612404, 7.98272340874
11.1854947254, 4.70112014096, 6.95881074227, 10.5863692191, 8.75422001499, 7.97951815998
11.1455210218, 4.73115517084, 6.96717695115, 10.5370741225, 8.75794191576, 7.97656970772
11.1058248112, 4.76155600751, 6.97078708123, 10.4872046232, 8.76138082592, 7.97391253564
11.0651659107, 4.79065676026, 6.97321549809, 10.4372636301, 8.76460080042, 7.97162494125
11.0223915353, 4.81654793263, 6.98052569601, 10.3878009067, 8.76813794909, 7.96880650678
10.9772308983, 4.83800758939, 6.99315009492, 10.3394209051, 8.77149222698, 7.9664585343
10.9301725291, 4.85490462719, 7.01033165215, 10.2924656701, 8.77601725568, 7.96443714599
10.8819470502, 4.86810702021, 7.0311349957, 10.2469989691, 8.78213819856, 7.96309940877
10.8332643174, 4.87950840288, 7.05459015291, 10.2028417998, 8.7893932303, 7.962118972
10.7847726979, 4.89169703849, 7.07925732209, 10.1593500677, 8.79795468156, 7.96055598338
10.7370323002, 4.90655821032, 7.10028658555, 10.113987417, 8.80738168865, 7.95839449104
10.690493731, 4.92483829723, 7.11312249451, 10.0656631018, 8.81704745443, 7.95527860666
10.6455102148, 4.94666679395, 7.11716419607, 10.015826723, 8.82654410643, 7.95092610492
10.6023646342, 4.97193453771, 7.13800719861, 9.970378189, 8.83602715297, 7.9459552496
10.561296008, 5.00045414409, 7.17313752841, 9.93479926367, 8.84577951208, 7.94049773369
10.5225608058, 5.03207034411, 7.21831794923, 9.91338129051, 8.85578318319, 7.93497856764
10.4866179478, 5.06682823471, 7.2680859753, 9.90857051284, 8.86587101707, 7.93005009244
10.4543890956, 5.10505520278, 7.31700391362, 9.9189162999, 8.87596839801, 7.92558322484
10.4278784992, 5.14744846026, 7.36153516309, 9.94165322627, 8.88650480288, 7.92185456348
10.410376876, 5.19428533874, 7.39990598869, 9.97371067068, 8.89767831188, 7.91906435751
10.4043082438, 5.24391568936, 7.43160334371, 10.0123794913, 8.90952463021, 7.91667431094
10.4103101119, 5.2935541581, 7.45673237284, 10.0556060097, 8.92214188852, 7.91416379341
10.4276138924, 5.34046448939, 7.47538288532, 10.1019973708, 8.93636941777, 7.91241655067
10.4546431405, 5.38252896072, 7.48695395897, 10.1506400501, 8.95150514774, 7.91146417757
10.489527109, 5.41834946796, 7.48965651659, 10.2005669585, 8.96706518599, 7.91122202151
10.5304240159, 5.44711477708, 7.48191750901, 10.2499644054, 8.98291758586, 7.91216570953
10.5756672976, 5.46839964162, 7.46384396527, 10.2965835755, 8.9986539849, 7.91344833688
10.6237860789, 5.48198576991, 7.43665076468, 10.3385422438, 9.01429977206, 7.91475910363
10.6734497059, 5.48777577447, 7.40196845685, 10.3745580392, 9.03061830558, 7.91598162802
10.7234092157, 5.48576396374, 7.36147477351, 10.4038882559, 9.046945393, 7.91710575978
10.7724603909, 5.4760695214, 7.316715289, 10.4261725227, 9.06366749291, 7.91900794948
10.8194568654, 5.45900108886, 7.26904633498, 10.4412612875, 9.08098361673, 7.92106566136
10.8633846516, 5.4351190957, 7.21965953813, 10.4490679703, 9.09835863962, 7.92271668546
10.9034478077, 5.40520348896, 7.16966101532, 10.449452309, 9.11582053845, 7.92414344107
10.9391277832, 5.37017579499, 7.12018974787, 10.4422001577, 9.1327711027, 7.92510704531
10.9702228582, 5.33102102123, 7.07250827576, 10.4271509977, 9.14875479945, 7.92653594413
10.9969309372, 5.28875190105, 7.02798064483, 10.4044069857, 9.16325290017, 7.92878043851
11.0204606493, 5.24463441418, 6.98795521214, 10.3744409259, 9.17696965403, 7.93186520906
11.0486369879, 5.20332952415, 6.95367447879, 10.3380426935, 9.19041271295, 7.93506400196
11.0828843804, 5.16689991934, 6.92628098759, 10.2962145135, 9.20340237061, 7.93828833627
11.1222896991, 5.13612296589, 6.90677500428, 10.2501763053, 9.2159758882, 7.94182900358
11.165812191, 5.11151010965, 6.8958011256, 10.2013954281, 9.22782309631, 7.94569344858
11.2124898582, 5.09358818478, 6.89341339888, 10.151452473, 9.23922737059, 7.94926089626
11.2614333447, 5.08336394282, 6.89908229531, 10.1017748763, 9.24977146232, 7.95248663884
11.3114330114, 5.08318137935, 6.91191771017, 10.0534504298, 9.259720493, 7.955605744
11.3598427832, 5.09569113532, 6.93093656612, 10.0072088564, 9.26903491162, 7.95867998694
11.4030102227, 5.12092151711, 6.95534267577, 9.96357009135, 9.2773500144, 7.96192137165
11.4378335962, 5.15680093546, 6.98480900853, 9.9231753487, 9.28476033532, 7.9654016236
11.4625450956, 5.20026749499, 7.01996250186, 9.88761930974, 9.29169474916, 7.96919404472
11.4767261617, 5.24821431307, 7.06174385948, 9.86015445665, 9.29836354233, 7.97358544564
11.4809797588, 5.29803305364, 7.10870529589, 9.84298985673, 9.30470785481, 7.97846197226
11.4764847316, 5.34783059103, 7.15828944161, 9.83655460277, 9.31151804869, 7.98414809456
11.464609893, 5.39640000741, 7.20814833981, 9.8403083037, 9.3190710487, 7.99016773839
11.4466561669, 5.44306545201, 7.2563810993, 9.85348407357, 9.32723957697, 7.99606000165
11.4237334651, 5.48750135798, 7.30118741315, 9.87567403165, 9.33547259665, 8.00175549248
11.3967439206, 5.52959131507, 7.34052799147, 9.90653369621, 9.3431944073, 8.00810978288
11.366418415, 5.56934510373, 7.3720691856, 9.94532999852, 9.35112901262, 8.01542100928
11.3333896159, 5.60688306355, 7.39375780756, 9.99038112145, 9.35888116504, 8.02333479103
11.2983469568, 5.64254834142, 7.4044183163, 10.0392314393, 9.36627387901, 8.03142888268
11.2624551227, 5.67735891803, 7.40388444843, 10.0892285891, 9.37309391912, 8.03999408851
11.2281167747, 5.71370280137, 7.39282140371, 10.1379893216, 9.37939437449, 8.04926152053
11.1973555109, 5.75312036912, 7.37243621517, 10.1836450342, 9.38493553568, 8.0591397241
11.1706039837, 5.79536200493, 7.34419453923, 10.2249052783, 9.3902306403, 8.06942409873
11.1473429631, 5.83962174873, 7.30960240066, 10.2610076874, 9.39539699177, 8.07979265516
11.1264143973, 5.88503094528, 7.27005142976, 10.2915972396, 9.40040000011, 8.08920621335
11.1060029916, 5.9306749429, 7.22675748606, 10.3166099252, 9.40540342632, 8.09704166152
11.0843607088, 5.97574834521, 7.18073044864, 10.3361422529, 9.41057577889, 8.10300218657
11.0603754336, 6.01961982311, 7.13278976438, 10.3503440412, 9.41560291198, 8.10696178875
11.0335630627, 6.06182286524, 7.08359729301, 10.359293944, 9.42056070255, 8.10917444974
11.0038370134, 6.10202686996, 7.03370639459, 10.3625951946, 9.42497271233, 8.10984722248
10.971326666, 6.14001472732, 6.9851419946, 10.3506998571, 9.4292417398, 8.1097392734
10.9362586686, 6.17565509157, 6.9351519024, 10.3516951872, 9.43246645005, 8.1088072951
10.898887471, 6.20887246034, 6.88678643792, 10.3643751653, 9.43527168234, 8.10786839131
10.8594491095, 6.23960706034, 6.84277648814, 10.3881054059, 9.43692643033, 8.10715629686
10.818123245, 6.26775262705, 6.80671426813, 10.4227394396, 9.43737185365, 8.10687898606
10.7749915268, 6.29304402656, 6.78248062849, 10.4664742165, 9.43723891631, 8.10642985764
10.7300584731, 6.3149762102, 6.77185875312, 10.5153329492, 9.43655383052, 8.1054685816
10.6832911372, 6.33266282377, 6.77441000798, 10.5652678178, 9.43584910944, 8.10401718105
10.6347219959, 6.34453878741, 6.78839642135, 10.6132717785, 9.4355913564, 8.10163129357
10.5848664919, 6.3483373026, 6.8116565155, 10.6575320091, 9.43625670004, 8.09840683789
10.5352371435, 6.34226047963, 6.84214997693, 10.6971571124, 9.43795683308, 8.09506636695
10.4879740497, 6.32594484393, 6.87819515002, 10.7318088872, 9.44005867575, 8.09169794051
10.4451062732, 6.30020860997, 6.91848728831, 10.7614153661, 9.44262277799, 8.08883081945
10.4081833417, 6.2664936707, 6.96202066161, 10.7860089712, 9.44575840661, 8.08727459138
10.3782734471, 6.22642624996, 7.00801507216, 10.8056180048, 9.45007292276, 8.08713178426
10.3561678853, 6.18157823844, 7.05584838045, 10.8201773529, 9.45550316867, 8.08747896957
10.3426752294, 6.13343316356, 7.10499862246, 10.8293563349, 9.46144831096, 8.08804807035
10.3387433626, 6.08358799906, 7.15495338549, 10.8314827521, 9.46730368962, 8.08842829469
10.3450699994, 6.03398987745, 7.20335089826, 10.8189256522, 9.4726902392, 8.088308719
10.3615629179, 5.98678835585, 7.25328295157, 10.821531425, 9.47759307459, 8.0873699669
10.3872880834, 5.94391393624, 7.30085076071, 10.8369360845, 9.48172986389, 8.08598537403
10.4207716612, 5.90678106645, 7.34381048396, 10.8625185429, 9.48444773099, 8.08372786183
10.4603418454, 5.87621637242, 7.38116177449, 10.8957582947, 9.48617682142, 8.08086081554
10.5043943834, 5.8525652859, 7.41277299854, 10.9344975579, 9.48758015669, 8.07710797572
10.5515149279, 5.8358424185, 7.43904276351, 10.9770404709, 9.48884054381, 8.07291124048
10.6005081604, 5.82585927456, 7.46063829889, 11.0221362895, 9.48974726337, 8.06880890523
10.6503853843, 5.82235748353, 7.47832213402, 11.0689046759, 9.49017544411, 8.06473882837
10.7003071158, 5.82515403875, 7.49286243928, 11.1167437763, 9.49005310183, 8.06079034534
10.7494517283, 5.83436311367, 7.50508119499, 11.165227815, 9.48930981255, 8.05680377796
10.7967215728, 5.85065918085, 7.5287479163, 11.2092719554, 9.48854209204, 8.0522905233
10.840398168, 5.87499752568, 7.56239495236, 11.2462567761, 9.48802023504, 8.04656918066
10.8784090976, 5.90748089418, 7.60349193821, 11.2747355007, 9.48809733502, 8.03989832264
10.9090337175, 5.94700471809, 7.64958834208, 11.2941035556, 9.48866390289, 8.03259477815
10.9311416677, 5.99185155232, 7.69851338889, 11.3044156744, 9.48915219102, 8.02467049073
10.9439854492, 6.04017377574, 7.74848164648, 11.3061970316, 9.4893112415, 8.01648854661
10.9469259123, 6.09008723762, 7.79812834472, 11.3002636216, 9.48932114487, 8.00820883017
10.9394983299, 6.13953247013, 7.8464902815, 11.2875701954, 9.48944265086, 8.00007135764
10.9217778123, 6.18628696998, 7.89295337588, 11.2690991136, 9.48990928292, 7.99211288785
10.8945877991, 6.22824770381, 7.93718401179, 11.2457827921, 9.49067857685, 7.98486215622
10.8593291697, 6.26369948868, 7.97900909257, 11.2183845692, 9.49163549959, 7.97859433321
10.8176956131, 6.29138787917, 8.01825588206, 11.1874057133, 9.49223023643, 7.97301245891
10.7714746992, 6.31045688846, 8.05439604277, 11.1528530176, 9.49219943192, 7.96789732051
10.7224463113, 6.32026592414, 8.08527144587, 11.11352479, 9.49136236242, 7.96384169147
10.6724463116, 6.32025995687, 8.10668809987, 11.0683437439, 9.48995667437, 7.96085467472
10.6235104523, 6.30999927105, 8.11682865773, 11.0193828504, 9.4874799358, 7.95909602244
10.5779249885, 6.28945747255, 8.11571537528, 10.9693952459, 9.48398626619, 7.9576357685
10.5380861316, 6.25924380865, 8.10441217686, 10.920689623, 9.47996470906, 7.95617999914
10.5062694798, 6.22067308576, 8.08421432057, 10.8749507271, 9.47518899612, 7.95486831047
10.4842500667, 6.17578271431, 8.05587119859, 10.8337601039, 9.46961326176, 7.95364100742
10.4729435242, 6.12707786756, 8.01877597398, 10.8002348252, 9.46395641189, 7.95329866297
10.4723353964, 6.07708156589, 7.97383646455, 10.7783158724, 9.45858181378, 7.95347599096
10.4816763065, 6.02796184075, 7.92461825912, 10.7695085882, 9.45304675124, 7.95441520232
10.4998058745, 5.98136442919, 7.87479112486, 10.7736627056, 9.44712614774, 7.95676232961
10.5254625137, 5.93844896736, 7.82764978274, 10.7903268546, 9.44087118833, 7.96034094458
10.5576102431, 5.90015375231, 7.78725650859, 10.8197952004, 9.43452840147, 7.96487972522
10.5962418487, 5.86841105158, 7.73994869993, 10.835980726, 9.42797374271, 7.96960945947
10.6426661217, 5.8498426139, 7.69016867675, 10.8406657332, 9.42103203687, 7.97394314855
10.6815895768, 5.81845846763, 7.64039748689, 10.8358877986, 9.4143856586, 7.9781110032
10.7112845763, 5.77823152384, 7.59194782864, 10.8235334222, 9.40793733788, 7.98122077726
10.7311160158, 5.73233256951, 7.54544023225, 10.8051746783, 9.40211465889, 7.98452072138
10.7410106712, 5.68332138921, 7.50112552384, 10.7820185426, 9.39737158385, 7.98779554208
10.7410432065, 5.6333213998, 7.45911704757, 10.7549023496, 9.39368954038, 7.99125422581
10.7312564627, 5.58428855726, 7.41960475065, 10.7242628589, 9.39054789453, 7.99527936711
10.7119719846, 5.53815712652, 7.38372714238, 10.6894376206, 9.38801895898, 7.99975068307
10.6842517417, 5.49654477093, 7.35893369375, 10.6460177529, 9.38609494149, 8.00357434432
10.6497835607, 5.46032399655, 7.34759031552, 10.5973214721, 9.38541640294, 8.0059957522
10.6103644273, 5.42956473914, 7.34927141474, 10.547349741, 9.38576006874, 8.00692194246
10.5675010515, 5.40382117645, 7.36227463121, 10.4990701764, 9.38731273483, 8.00630793329
10.5222841141, 5.38248040399, 7.38442783586, 10.4542456794, 9.38952384379, 8.00408422534
10.4754314101, 5.36502119072, 7.41363332603, 10.4136619469, 9.39232847538, 8.00017522671
10.4273806275, 5.35119649203, 7.44815872265, 10.3774957059, 9.39518894812, 7.99532025388
10.3782828672, 5.34174080949, 7.48670083299, 10.3456443994, 9.39839483228, 7.99051479154
10.3282828737, 5.34176635557, 7.52835922672, 10.3179933916, 9.40191586755, 7.9856990331
10.2799007903, 5.35438277362, 7.57262453917, 10.2947429698, 9.40504660271, 7.98067717292
10.2360774218, 5.37845583693, 7.62103100377, 10.2822204227, 9.40787841309, 7.97634960244
10.1988787652, 5.41186631347, 7.66427343631, 10.2571187887, 9.41057730473, 7.97307538167
10.1695311686, 5.45234740259, 7.70044039906, 10.2225941482, 9.41280074004, 7.9704449072
10.1486651051, 5.49778535362, 7.72862661524, 10.1812959979, 9.41443771155, 7.96799568269
10.136610406, 5.54631044228, 7.74855703516, 10.1354399365, 9.4151834714, 7.9659827867
10.1337391016, 5.5962279303, 7.7603092961, 10.0868407147, 9.41553517841, 7.96555681607
10.1408119178, 5.64572515518, 7.76415223168, 10.036988615, 9.41524529149, 7.96662377338
10.1587830046, 5.69238391685, 7.76047973062, 9.98712367004, 9.41463431835, 7.96892105475
10.1873503571, 5.7334193451, 7.74978723428, 9.93828034376, 9.41362645568, 7.9721652175
10.2246510205, 5.76671589914, 7.73265270921, 9.89130792578, 9.41281597975, 7.97591401363
10.2682014295, 5.79127932462, 7.70970418532, 9.84688534986, 9.41235242942, 7.97961554202
10.3156564987, 5.80702786134, 7.6815741165, 9.80554893458, 9.41164328193, 7.98341571553
10.3651210469, 5.81432570112, 7.6488807803, 9.7677184473, 9.4105129374, 7.98711167334
10.4151143618, 5.81350810244, 7.61215896201, 9.73378456952, 9.40894374459, 7.99055890252
10.4642715472, 5.80436637799, 7.57149863475, 9.70468581031, 9.40691758628, 7.9938128685
10.5104178112, 5.78511742167, 7.52454726976, 9.68749368053, 9.40454897701, 7.99665928064
10.5492447327, 5.75361392717, 7.48511872648, 9.65674648596, 9.40136052717, 7.99908167944
10.5769073939, 5.7119632708, 7.45510331881, 9.61675804635, 9.39704551918, 8.00131969048
10.5915267203, 5.66414825962, 7.43482502543, 9.57105475524, 9.39157648428, 8.00340744865
10.5929925792, 5.61416975166, 7.42356364963, 9.52233944538, 9.38501184643, 8.00556366781
10.5824121442, 5.56530202821, 7.4200573962, 9.47246253502, 9.37751548557, 8.00710381203
10.5615402704, 5.51986674583, 7.42291672255, 9.42254435945, 9.36927132997, 8.00816530565
10.532327678, 5.47928812527, 7.43089993514, 9.37318579062, 9.36051019524, 8.0088978559
10.4966252803, 5.44428328561, 7.4430227835, 9.32467768256, 9.35202601911, 8.00951999909
10.4560261876, 5.41509915168, 7.45857766073, 9.27715878322, 9.34323218142, 8.01061899899
10.4118267652, 5.39172371466, 7.47710899148, 9.23071968568, 9.33453875115, 8.01194071128
10.3650384492, 5.37409267705, 7.49836641031, 9.18546350218, 9.3268720274, 8.01360534476
10.3164350823, 5.36235757031, 7.52229548186, 9.14156134352, 9.32002528223, 8.01524199252
10.2666870711, 5.35734405075, 7.55022075961, 9.10008630449, 9.31450922278, 8.01628657224
10.2168296981, 5.36111795573, 7.5893495836, 9.06895858159, 9.31047983134, 8.01621911715
10.1689410686, 5.3754942962, 7.63589240228, 9.05068931697, 9.30715776466, 8.01500126996
10.1253617281, 5.40000635616, 7.68562921414, 9.04556588585, 9.30451452461, 8.01208117042
10.0876054519, 5.43278536775, 7.73514308944, 9.05252118259, 9.30215934785, 8.00800161429
10.0561425393, 5.47164518164, 7.78207042205, 9.06977880274, 9.30004237789, 8.00282335196
10.0306596561, 5.51466404568, 7.82503982101, 9.09534500608, 9.29826931129, 7.99642002633
10.01049627, 5.56041814778, 7.86345815558, 9.12734549934, 9.29728001636, 7.98882319829
9.99509968377, 5.60798857067, 7.89738906461, 9.16407006078, 9.29643844424, 7.97982972102
9.98448071315, 5.65684793479, 7.92734131903, 9.20410582547, 9.29594002751, 7.96986573424
9.98002504781, 5.70664900954, 7.95405820122, 9.24636938195, 9.29525984122, 7.95908162269
9.98465892327, 5.75643381845, 7.97836037868, 9.29006611147, 9.29432818302, 7.94797684893
9.99961498286, 5.80414457491, 8.00110535997, 9.33459324731, 9.29400784335, 7.93702373827
10.0242289362, 5.84766644641, 8.02341632498, 9.37933942972, 9.29427867415, 7.92664949785
10.0570810187, 5.8853591603, 8.05005987108, 9.42164925661, 9.29491636706, 7.91691178318
10.0965570874, 5.9160453135, 8.08634079038, 9.45605412392, 9.29495581782, 7.90764197762
10.1410522441, 5.938852791, 8.12999273264, 9.48043665736, 9.29437228626, 7.89890243957
10.1889821571, 5.95309088919, 8.17816530208, 9.49383081852, 9.29321847995, 7.89069756148
10.2387127837, 5.95827401314, 8.2281147823, 9.49607791125, 9.29162498763, 7.88300885553
10.2885592239, 5.95435835231, 8.27738944163, 9.48759216157, 9.28972591215, 7.87520023199
10.3369790082, 5.94188740658, 8.32389225924, 9.46922131632, 9.28758192949, 7.86735039903
10.3827943047, 5.92186345558, 8.36592047982, 9.44213573576, 9.28544404604, 7.85902389915
10.4252596822, 5.89546853733, 8.40218661863, 9.4077152887, 9.28291408983, 7.85025001805
10.4639659532, 5.86381692465, 8.43176226648, 9.36740051406, 9.28037865168, 7.84177662904
10.4986203304, 5.82777425356, 8.45391304336, 9.32257481737, 9.27803442153, 7.83362689619
10.5286883801, 5.78782538138, 8.46793157782, 9.27458022714, 9.27595002797, 7.82551963963
10.5524183184, 5.74381526856, 8.47289693043, 9.22482738527, 9.27435000917, 7.81770818435
10.5897695113, 5.7105754072, 8.46774010042, 9.1750940252, 9.27325950992, 7.81003428939
10.6353482399, 5.69001866866, 8.45211623416, 9.12759776426, 9.27280619032, 7.8025688153
10.6847367027, 5.68222253188, 8.42674149707, 9.08451502157, 9.27332672651, 7.79431250554
10.7344881488, 5.68720185039, 8.39312229494, 9.04750489798, 9.27457802239, 7.78554393873
10.781341951, 5.70465811611, 8.35309941856, 9.01753542408, 9.27635873429, 7.77640421135
10.8223995865, 5.73319354273, 8.30849500889, 8.99494235793, 9.27879183035, 7.76697224887
10.8557961218, 5.77040471619, 8.26091500633, 8.97957540129, 9.28161123263, 7.75713718322
10.8808846642, 5.81365474552, 8.21166370602, 8.97095511024, 9.28476661348, 7.74691424751
10.8979121081, 5.86066608622, 8.16172755169, 8.96842914689, 9.28825210332, 7.73654561972
10.9075352748, 5.9097312945, 8.11180754696, 8.97125635892, 9.29192850703, 7.72663725046
10.9104065846, 5.95964878221, 8.06236094085, 8.97867479161, 9.29556937015, 7.7175314895
10.9068963257, 6.00952541083, 8.01384814846, 8.99077888081, 9.29900631701, 7.70924939546
10.896923918, 6.05852082986, 7.97018723846, 9.0151453524, 9.30230264627, 7.70165153428
10.8799962252, 6.10556818065, 7.93510511009, 9.05077180702, 9.30510455557, 7.69474072103
10.8560439248, 6.14945767033, 7.91041032649, 9.09424786553, 9.3077729788, 7.68887946994
10.8254196278, 6.18898174439, 7.89676269774, 9.14234924003, 9.3102994448, 7.6843664556
10.7874902763, 6.22156033092, 7.89419346504, 9.19228318684, 9.31267319086, 7.68140071019
10.7585090926, 6.26230454511, 7.90261699054, 9.24156852155, 9.31510984585, 7.68053978215
10.7382385303, 6.30801126567, 7.92212703718, 9.28760500796, 9.31818688145, 7.68143420226
10.7263821401, 6.35658518884, 7.95243617993, 9.32737127338, 9.32261518953, 7.68330806983
10.7224866136, 6.40643320658, 7.9919945809, 9.35795121636, 9.32732221812, 7.68552655114
10.7259358659, 6.45631409128, 8.03814727467, 9.37718475109, 9.33249465935, 7.68731610021
10.7359601193, 6.50529892919, 8.08770112894, 9.3838492486, 9.33754415429, 7.68890366869
10.7516952256, 6.55275845331, 8.13732989223, 9.37776764896, 9.3424182679, 7.69084085518
10.7722737313, 6.59832735829, 8.18403566457, 9.35991909635, 9.34616507378, 7.69343502783
10.7968825274, 6.64185214614, 8.2256488459, 9.33220009313, 9.34961542672, 7.69623443982
10.8248425591, 6.68330376402, 8.26100181957, 9.29684238885, 9.3527375202, 7.69928259352
10.8556330574, 6.72269849993, 8.28966866018, 9.25587639991, 9.35554203036, 7.70272197792
10.8888745672, 6.76004822581, 8.3114894492, 9.21088914431, 9.35865518665, 7.7068910723
10.924294981, 6.79533837013, 8.32618861105, 9.16309861553, 9.36200677744, 7.71163747269
10.9617063078, 6.82851053664, 8.33332791329, 9.11361093662, 9.36513336886, 7.71710292018
11.0010264331, 6.85939625731, 8.33255258995, 9.06361694825, 9.36834130504, 7.72250848355
11.0423432002, 6.88755517698, 8.3489229754, 9.01637279009, 9.37137522342, 7.72779010456
11.0860712452, 6.91180096187, 8.38046455955, 8.97757680487, 9.37497019128, 7.73279578783
11.1329557287, 6.92917465481, 8.42337296185, 8.95190836097, 9.37944828674, 7.73776110769
11.1823048604, 6.93721599793, 8.47196474895, 8.94012539757, 9.38521102122, 7.74252760952
11.2322748685, 6.93548444108, 8.52195747269, 8.94097837694, 9.3924935118, 7.74711396361
11.2810946358, 6.92468488929, 8.57061964302, 8.95246720535, 9.40082539267, 7.75133955829
11.3274781661, 6.90601491011, 8.6163919082, 8.97258932602, 9.40913036878, 7.75538884442
11.3706238619, 6.88074736316, 8.65833226337, 8.99981076259, 9.41670331218, 7.75966335368
11.4100228516, 6.84996230816, 8.69542941033, 9.0333339141, 9.42361599043, 7.7638372576
11.4451494123, 6.81437966161, 8.72568642395, 9.07313985746, 9.42935846676, 7.76799759331
11.4749361463, 6.77422059694, 8.74635374474, 9.11866855008, 9.43407729057, 7.77162362115
11.4971269646, 6.7294147091, 8.75597096104, 9.16773492503, 9.4376183198, 7.77474407572
11.5333040289, 6.69490065378, 8.75458979919, 9.21771584531, 9.44001297824, 7.77739059973
11.5791038515, 6.67484133541, 8.74318206189, 9.26639708943, 9.44179551396, 7.77993798648
11.6289585616, 6.67103241387, 8.72312528149, 9.31219802349, 9.44288562936, 7.78250616549
11.6776600276, 6.68235350969, 8.69584268129, 9.35409861687, 9.44320976035, 7.78576464207
11.7213374655, 6.70669034225, 8.66258272569, 9.39143191774, 9.44291976329, 7.78885998597
11.7571311723, 6.74160180959, 8.62426727782, 9.42355552984, 9.44194553986, 7.79169946853
11.7828209072, 6.78449746812, 8.58148728188, 9.44943741438, 9.43995543979, 7.79409842119
11.7968570333, 6.83248691658, 8.53488970725, 9.46756656326, 9.43747403184, 7.79583667318
11.7987001418, 6.88245293454, 8.48574819862, 9.47679218675, 9.43484360229, 7.79683780243
11.7888907927, 6.93148125972, 8.43574870078, 9.47701627728, 9.43266906757, 7.79772931937
11.7687441512, 6.97724273736, 8.38639686021, 9.46899157594, 9.43081499705, 7.79828963052
11.7399413114, 7.01811322088, 8.33872146129, 9.45392318725, 9.42910810452, 7.79856216071
11.7042068908, 7.05308536958, 8.29323887326, 9.43315460071, 9.4278782645, 7.79845308558
11.6631335073, 7.08159812402, 8.25006363041, 9.40793757463, 9.4265910266, 7.79767786019
11.6181147033, 7.10335375061, 8.20910295068, 9.37926314846, 9.42527206662, 7.79660365731
11.5703590893, 7.11816595271, 8.17026275693, 9.34777601856, 9.42449625207, 7.79529822497
11.5209548366, 7.12586139357, 8.13375438915, 9.31361260125, 9.42398831552, 7.7935016055
11.4709564769, 7.12626639716, 8.10149537251, 9.27541108498, 9.42369407784, 7.79168447408
11.4214460228, 7.11928678889, 8.07883769601, 9.23083946065, 9.42361984502, 7.78914979549
11.3735188806, 7.10503936638, 8.06788728535, 9.18205330989, 9.42349610067, 7.78642535424
11.3281844927, 7.08394924379, 8.06846511276, 9.13205664884, 9.42309079838, 7.78381471194
11.2862618645, 7.05670051451, 8.07926370432, 9.08323666912, 9.42200096201, 7.78114060009
11.2483393711, 7.02411394531, 8.0985876156, 9.03712174254, 9.42074859607, 7.77892375094
11.2147688593, 6.98705965086, 8.12466165609, 8.99445859202, 9.4190130012, 7.77684795182
11.185692398, 6.94638337521, 8.15594376864, 8.95545308684, 9.41653880383, 7.77480441089
11.1610656899, 6.9028687197, 8.19125755397, 8.92005624284, 9.41317097859, 7.77272246875
11.1406780906, 6.8572140836, 8.22976900215, 8.88816786942, 9.40955409076, 7.77071337977
11.1242299961, 6.80999692373, 8.27087895518, 8.85970786658, 9.40539534044, 7.76933713631
11.1113621042, 6.76168111516, 8.31403150315, 8.8344520236, 9.40042528982, 7.76803570409
11.1016883445, 6.71262585678, 8.35785509625, 8.81037936926, 9.39513044565, 7.76671242675
11.094848913, 6.6630958439, 8.3992044831, 8.78226837128, 9.38959253307, 7.76495133602
11.0907488929, 6.61326422909, 8.43688333839, 8.74940039501, 9.38354913427, 7.76284853948
11.0941170643, 6.56337780387, 8.46997220153, 8.71191536952, 9.37720129284, 7.76004529854
11.1107001603, 6.5162078884, 8.51281417816, 8.68613621052, 9.37073491746, 7.7559211443
11.1377483895, 6.47415561972, 8.56039980017, 8.67078666403, 9.3648846002, 7.75102393572
11.17210703, 6.43783091986, 8.61008543488, 8.66518865512, 9.3596116473, 7.74526124228
11.2111281585, 6.40656829792, 8.65997678194, 8.66848311841, 9.35435920031, 7.73869877282
11.2526390024, 6.37869627184, 8.70870300438, 8.67969718309, 9.3486962689, 7.73152566253
11.2923025204, 6.34825279396, 8.75528394921, 8.69786901786, 9.34266497801, 7.72390971491
11.3263512216, 6.31163741544, 8.79900198124, 8.72213285259, 9.33582058204, 7.7157653307
11.3535648912, 6.26969202018, 8.83926122354, 8.75178404833, 9.32820929869, 7.70726247997
11.3733018053, 6.22375233988, 8.87542031801, 8.78631692958, 9.31995216677, 7.69879724224
11.3851080032, 6.17516619277, 8.90660552847, 8.8253999521, 9.31087402374, 7.69036049857
11.388470771, 6.12527940301, 8.93159949031, 8.86870470785, 9.30081884367, 7.68235503088
11.3827846091, 6.07560377958, 8.94903643456, 8.91556570417, 9.2897591805, 7.67498452576
11.3677183186, 6.02792771756, 8.95788435451, 8.96477662077, 9.27804514288, 7.66830418477
11.3435909179, 5.98413424159, 8.95778530832, 9.01477652266, 9.26652085401, 7.66232225612
11.3113287629, 5.94593537576, 8.94903110625, 9.06400419726, 9.25499429664, 7.6572337136
11.2720905013, 5.91494571897, 8.93236365312, 9.11114437127, 9.24415944628, 7.65248855633
11.2270169576, 5.89330373073, 8.90874354072, 9.15521352478, 9.23401962265, 7.64820448769
11.177804757, 5.88446295505, 8.87915849712, 9.19552140484, 9.22459054596, 7.64447872512
11.128170149, 5.89049666791, 8.84448698308, 9.23154759134, 9.21580148721, 7.64075398389
11.0823485314, 5.91050614974, 8.80542677585, 9.26276137374, 9.20862909732, 7.63760653176
11.0434046582, 5.94186495613, 8.76252265396, 9.28843697158, 9.20291170469, 7.63523508827
11.0128600299, 5.98145063132, 8.71635728455, 9.30764006164, 9.19838235629, 7.6339819494
10.9907564494, 6.02629961938, 8.66782004932, 9.31964576011, 9.19424201736, 7.63362028567
10.976128208, 6.07411190394, 8.61804161753, 9.32434764573, 9.19037822386, 7.63423809539
10.967582507, 6.12337620129, 8.56808903195, 9.32217067667, 9.18656541835, 7.63571221319
10.9637354071, 6.17322797982, 8.51879636083, 9.31379018899, 9.18332640668, 7.63801588567
10.9634016559, 6.22322686591, 8.47075866261, 9.29992009346, 9.1792164261, 7.6409120674
10.9656098683, 6.27317808009, 8.42440574316, 9.28117424436, 9.1754488524, 7.64509737237
10.9695475514, 6.32302278544, 8.38006871901, 9.25806086535, 9.17192303688, 7.65014994927
10.9745317014, 6.37277374773, 8.3380297805, 9.23099192284, 9.16865162312, 7.65571528108
10.979963911, 6.42247778278, 8.29856700149, 9.20028868079, 9.16580759786, 7.66181194462
10.9850655738, 6.47221683218, 8.2620214311, 9.16616506308, 9.16332108037, 7.66827471673
10.9746927294, 6.52112904024, 8.22886945073, 9.12873584726, 9.16121251668, 7.6748771188
10.9509593477, 6.56513729621, 8.19977543716, 9.08807212418, 9.15921217136, 7.6816152043
10.9167807407, 6.60163144407, 8.17553340597, 9.04434199814, 9.15820896813, 7.68802868092
10.8751700342, 6.62935416229, 8.15684980104, 8.99796395476, 9.15794504134, 7.69504733821
10.8288108752, 6.64808457545, 8.14417086581, 8.94959821688, 9.15897681132, 7.70286663232
10.7798524198, 6.65823689729, 8.13769915017, 8.90001881695, 9.16139185913, 7.71126267643
10.7299031533, 6.66048873576, 8.1375487197, 8.85001904325, 9.16473244302, 7.71990432396
10.6801516634, 6.65550985469, 8.14400826688, 8.80043805647, 9.16930294384, 7.72910359126
10.6315342946, 6.64383289249, 8.15802865409, 8.75244400743, 9.17483392134, 7.73820131708
10.5848799195, 6.62585042097, 8.18213643681, 8.70863972897, 9.18096626736, 7.74731761116
10.5410030082, 6.60187508652, 8.21743185519, 8.67322457061, 9.18754596965, 7.75669737626
10.5007521745, 6.57221247737, 8.26131349637, 8.64925789442, 9.19469629558, 7.76638775493
10.4650327201, 6.53722504276, 8.30999912865, 8.63786889931, 9.20215502199, 7.77619052951
10.4347177931, 6.49746318664, 8.35999660715, 8.63837103794, 9.21058246916, 7.78510634158
10.4106015828, 6.45366354741, 8.40893401725, 8.64862432489, 9.21966256459, 7.79309879249
10.3933861014, 6.40672073964, 8.4559109077, 8.66574658418, 9.23004916333, 7.80021683399
10.3837010292, 6.35766771346, 8.50103534503, 8.68728225589, 9.24097169607, 7.80688507497
10.38215077, 6.30769175228, 8.54463240291, 8.71176278987, 9.25233990662, 7.81320429822
10.3893018838, 6.2582057788, 8.58687694383, 8.73850972918, 9.26381692877, 7.81923327122
10.4055065763, 6.21090453208, 8.62768330381, 8.76740334414, 9.27518063244, 7.82487830927
10.4306080955, 6.16766203293, 8.66656605564, 8.7988379049, 9.28587171903, 7.82952660235
10.4637772043, 6.13024799522, 8.70231453156, 8.83379568614, 9.29616435509, 7.83349464672
10.5036307246, 6.10005367579, 8.73261946088, 8.87356516261, 9.30573436553, 7.83661723969
10.5484892115, 6.07796937931, 8.75484447835, 8.9183540965, 9.31422936144, 7.83884798299
10.5966225142, 6.06443478781, 8.79104788085, 8.9528405235, 9.32192472332, 7.84083430356
10.6463918542, 6.05963762251, 8.83686300373, 8.97286487157, 9.32996180743, 7.84224949756
10.6962132815, 6.06385963499, 8.88666329178, 8.9773293212, 9.33798431743, 7.84285594599
10.7441368746, 6.07811899055, 8.93567164643, 8.96742067979, 9.34631690854, 7.84258835118
10.7866438555, 6.10444685747, 8.98045646115, 8.94518736312, 9.35420115128, 7.84169879994
10.8192156798, 6.14238201611, 9.01872896516, 8.91301259915, 9.36120809917, 7.84096848202
10.8386353174, 6.18845671282, 9.04906558057, 8.87326728791, 9.3671535824, 7.84092935055
10.8436845001, 6.23820111706, 9.0705802507, 8.82813283356, 9.37165617534, 7.84095602954
10.8348667663, 6.28741745146, 9.08259821799, 8.77959863467, 9.37497636035, 7.84120760999
10.8138614249, 6.3327911843, 9.08442273516, 8.72963193439, 9.37738626507, 7.84204604934
10.7829579434, 6.37209735212, 9.07557542591, 8.68042090799, 9.37942797401, 7.84289745877
10.7445733163, 6.40413826981, 9.05639526956, 8.63424600569, 9.38145885947, 7.84351197987
10.7009325483, 6.42854079771, 9.0281081596, 8.59301689692, 9.38337172405, 7.84433447103
10.6539013667, 6.44551336237, 8.99238247256, 8.55803582653, 9.38484613604, 7.84433243907
10.604935852, 6.45563158225, 8.95091820573, 8.5300945564, 9.38582627323, 7.84347852241
10.5550974778, 6.45964860255, 8.9052793449, 8.50967166771, 9.38618212598, 7.84188587928
10.5051155454, 6.45830456412, 8.85690908633, 8.4970099899, 9.38576810647, 7.8396356118
10.4554988672, 6.45212514295, 8.80715383955, 8.49206879383, 9.38482451522, 7.83633030343
10.4067117635, 6.44117897891, 8.75721434728, 8.49452788136, 9.38363919905, 7.83187312437
10.3594283389, 6.42492235688, 8.70809842485, 8.50388876616, 9.38221575972, 7.82632228891
10.3146170441, 6.40274245935, 8.6606370674, 8.51961834175, 9.38019367703, 7.82008537434
10.2731423014, 6.37481674141, 8.61565664243, 8.54145320767, 9.37810530501, 7.81385813203
10.2354807863, 6.34192889748, 8.57451243957, 8.56986367355, 9.37579973871, 7.80782042721
10.2017500135, 6.30502043009, 8.53983924546, 8.60588824308, 9.37339163685, 7.80165958726
10.1718371731, 6.26495520848, 8.51426445995, 8.6488525346, 9.37082368581, 7.79551701251
10.1456537962, 6.2223590728, 8.499151098, 8.69651369584, 9.36732625246, 7.78929558148
10.1249228694, 6.17685930718, 8.49436858591, 8.74628444607, 9.36401090966, 7.78344886027
10.1187650552, 6.12723994276, 8.49875776897, 8.79609142422, 9.36071495279, 7.77814265421
10.1269914759, 6.07792132557, 8.51123034641, 8.84451078824, 9.35803250745, 7.77331146399
10.1476570277, 6.03239182998, 8.53268587961, 8.88967338443, 9.35587678251, 7.76887114539
10.1785573748, 5.99308319794, 8.56555384829, 8.92735224634, 9.35396405971, 7.76533250715
10.2180911188, 5.96247138514, 8.60766933693, 8.95430193311, 9.35222563943, 7.76290599414
10.264963334, 5.94506462072, 8.65541857388, 8.96913467969, 9.35055878182, 7.76143953787
10.3044466499, 5.91438779297, 8.70534979034, 8.97175643916, 9.35014338469, 7.75971397469
10.3346292801, 5.87452541931, 8.7545474692, 8.96283520635, 9.35047677766, 7.75689828261
10.35481901, 5.82878293569, 8.80064570437, 8.94347151057, 9.35134425642, 7.7530309066
10.3651244412, 5.77985647978, 8.84174329688, 8.91499366147, 9.35293118994, 7.74791007792
10.3661571004, 5.72986714477, 8.87623603172, 8.8787962687, 9.35489630764, 7.74181725004
10.3587955218, 5.6804120423, 8.9025812269, 8.83630002544, 9.35756263125, 7.73514339543
10.3440178765, 5.63264572363, 8.9190903096, 8.78910415498, 9.3608459791, 7.72813649668
10.3227801382, 5.58738030116, 8.92426330121, 8.73937247335, 9.36519501125, 7.72067196473
10.2959273272, 5.54520297856, 8.91764569245, 8.6898123356, 9.37070872662, 7.71328009983
10.2641208908, 5.50662383131, 8.90002420563, 8.64302042174, 9.37715910713, 7.70610992895
10.2277559022, 5.47230783498, 8.87287779959, 8.6010314632, 9.38407347059, 7.69992080167