Line Start: (-9, 8), Line End: (8, 5)
NumSharks: 10, K_att: 100, K_rep: 1000, Sigma_Rand: 0.35, Speed/ts: 0.05
1.31624982153, 2.96439275289, 0.142283553186, 0.367624472304, 0.990240981305, 0.0856773172579, 0.500125934427, 1.0323186433, 0.368940999979, 0.796122029155, 
1.32039569241, 2.96174192994, 0.141765045609, 0.320057992067, 0.955346942631, 0.0492516858592, 0.452034213329, 1.06020835291, 0.397757913187, 0.794369741724, 
1.33886188342, 2.95499840113, 0.153876378172, 0.270058312554, 0.925016725757, 0.00443409230873, 0.403965389818, 1.08775702718, 0.415581003385, 0.788947310859, 
1.36176183628, 2.9664162688, 0.178680632165, 0.220195775028, 0.882920277632, 0.0300990518776, 0.354154873172, 1.10410415806, 0.433177950833, 0.766851746207, 
1.36807876689, 2.96132136621, 0.204140275427, 0.170552664259, 0.843546260412, 0.0716445639191, 0.306629712602, 1.13562664381, 0.456145505454, 0.761429315342, 
1.35705076018, 2.94024735852, 0.242782537907, 0.125942985507, 0.796006756224, 0.104439359259, 0.256639738839, 1.16802816313, 0.482042622055, 0.760858968148, 
1.33000795653, 2.90794460639, 0.289946592451, 0.0762998747388, 0.746513310619, 0.122347668106, 0.209322078023, 1.18545125704, 0.494924963906, 0.777422911651, 
1.31036862185, 2.89133275567, 0.339943758014, 0.0316901959864, 0.700878581896, 0.155142463446, 0.160002657487, 1.18579444327, 0.515258343134, 0.776852564457, 
1.27986780828, 2.88301279854, 0.389894596983, 0.0155675643481, 0.661560246562, 0.182574338917, 0.110171895177, 1.16901632849, 0.518742396383, 0.79341650796, 
1.25638898626, 2.87360566665, 0.439795632736, 0.0607351199105, 0.635177414967, 0.209688908166, 0.0620755079258, 1.13714060098, 0.512945767004, 0.814212199565, 
1.23239905069, 2.8486644319, 0.485611853415, 0.108679473548, 0.621166126781, 0.234386930529, 0.0122059160499, 1.11956377659, 0.51674526426, 0.849305482294, 
1.19961383537, 2.82052213451, 0.535391950468, 0.153700579674, 0.599356289253, 0.266935814798, 0.0374901363181, 1.08703744303, 0.525043311313, 0.892744477823, 
1.17684780864, 2.78224381772, 0.585195713638, 0.197088837493, 0.563473382027, 0.305771226021, 0.0869710293988, 1.05143601025, 0.515977068907, 0.942032172964, 
1.14022924288, 2.74010678828, 0.630482327447, 0.237461712851, 0.5416635445, 0.331493325299, 0.134836790525, 1.02430195531, 0.518946915095, 0.992019772314, 
1.09417487756, 2.69391224576, 0.672106853192, 0.28127850923, 0.536557364955, 0.340999647842, 0.184832263428, 1.01205831332, 0.525321586912, 1.04042564515, 
1.0575563118, 2.64493892905, 0.720011999192, 0.330690392629, 0.514747527428, 0.333143590853, 0.232042758995, 0.983972682817, 0.514350366048, 1.08327077738, 
1.03479028507, 2.60254949868, 0.769571578655, 0.380543481701, 0.478864620202, 0.323531086496, 0.277005030777, 0.950833043157, 0.505274293966, 1.11858908495, 
0.998171719309, 2.57229048961, 0.8138775647, 0.430487812349, 0.437065951063, 0.312751750566, 0.321771098441, 0.919166709725, 0.487784209289, 1.15501419814, 
0.975405692575, 2.54013709584, 0.853271192851, 0.476613381537, 0.397767682263, 0.316464609656, 0.356220297877, 0.8789563156, 0.472834873738, 1.19545791016, 
0.969238123679, 2.50765729922, 0.883080547813, 0.526557712184, 0.350266340581, 0.324497034464, 0.389436185473, 0.84595041002, 0.444020702913, 1.23718121154, 
0.980412912455, 2.48979636292, 0.920645984916, 0.575834377844, 0.300291288871, 0.340348318225, 0.427360295242, 0.823317115286, 0.409141756181, 1.27966005661, 
0.989388720985, 2.45768999996, 0.95976747054, 0.619240987059, 0.251817313075, 0.342393232086, 0.45185268165, 0.808668294727, 0.364113259876, 1.32316430091, 
0.991953261896, 2.42692106874, 0.986834180314, 0.660160439861, 0.201821925853, 0.327228123533, 0.473765177423, 0.786734579311, 0.318019360912, 1.36241071453, 
0.977284643933, 2.3848953355, 0.9978899123, 0.708439490412, 0.15183510703, 0.296682128472, 0.509727482414, 0.781491382547, 0.279665643519, 1.40512267579, 
0.962438951575, 2.34824414427, 1.02495662207, 0.752524472767, 0.104917240777, 0.254439544717, 0.531639978187, 0.793571111347, 0.242066685209, 1.45283305967, 
0.955448001677, 2.32618571287, 1.03601235406, 0.792556578895, 0.0549176178036, 0.223893549656, 0.564238710447, 0.816050666188, 0.202667282015, 1.50197161886, 
0.947864756907, 2.31098630439, 1.0456029926, 0.819928506922, 0.00528204349134, 0.181650965901, 0.591728845576, 0.821899328658, 0.155115025648, 1.54498604263, 
0.932311439015, 2.30388220069, 1.04017649555, 0.831429281647, 0.0430492158594, 0.135440393206, 0.624000680683, 0.819735169802, 0.112367511988, 1.59057306046, 
0.901470019541, 2.28118420931, 1.01926672397, 0.847023824751, 0.0914593060211, 0.0910608845156, 0.641264301369, 0.800616544838, 0.0633275259744, 1.62638631543, 
0.885948728095, 2.24521600303, 0.989080457693, 0.857931538131, 0.141099427778, 0.0414804823241, 0.673536136475, 0.792259544971, 0.0165265685857, 1.64810620045, 
0.85510730862, 2.2024221153, 0.947081852985, 0.860740404776, 0.190360124268, 0.00732068513561, 0.710093757486, 0.786941645624, 0.0321239540947, 1.65311297683, 
0.816943510165, 2.15344502371, 0.907313451922, 0.854336247096, 0.239579930036, 0.0494564768395, 0.743910992635, 0.796119848097, 0.0813500302953, 1.64080275345, 
0.770766136345, 2.10397563305, 0.864831873546, 0.842218652223, 0.286609321651, 0.094242319865, 0.786045610364, 0.787934114627, 0.130604596847, 1.62724107782, 
0.723051683074, 2.05835297212, 0.83393092081, 0.823045802649, 0.334161894618, 0.129930579352, 0.829760077809, 0.7971123171, 0.179991024847, 1.59803731977, 
0.673077508563, 2.00850651823, 0.808422938848, 0.82082300192, 0.380882271511, 0.164036835168, 0.879139156793, 0.788926583631, 0.223728246067, 1.58109449034, 
0.6231310361, 1.95879421369, 0.795733770048, 0.827996889706, 0.427647158971, 0.198407680381, 0.922853624238, 0.770981147302, 0.26259251209, 1.55466793864, 
0.573477368513, 1.91068082379, 0.800350990434, 0.817814066803, 0.470660584366, 0.233722431966, 0.955630870215, 0.738156340627, 0.309872044954, 1.52426324601, 
0.524183065199, 1.860695644, 0.794349546504, 0.810091694672, 0.504108445567, 0.272843541067, 0.988767169096, 0.708859684639, 0.351112098503, 1.4821162872, 
0.474408425035, 1.81135035372, 0.788766876223, 0.789972314828, 0.534451270767, 0.303563875009, 1.03271139888, 0.690308759072, 0.398676871027, 1.43370164478, 
0.424485265453, 1.76222611764, 0.800514960311, 0.76557101709, 0.561594438823, 0.331384948822, 1.08216323689, 0.666341372445, 0.438101226986, 1.39247889945, 
0.374522503025, 1.7184466189, 0.800483989022, 0.727715040684, 0.572738888009, 0.343318976328, 1.12838774854, 0.628811123599, 0.473737143737, 1.34406425703, 
0.327973230197, 1.66912124995, 0.808117992273, 0.686021698069, 0.566540433278, 0.337926537683, 1.1782753845, 0.582244714433, 0.517978523464, 1.29760365946, 
0.277988392142, 1.6211251599, 0.798391099499, 0.642127462644, 0.558162490148, 0.323050820022, 1.22783772435, 0.539034799075, 0.556521356522, 1.25170848287, 
0.230596898028, 1.57122017772, 0.804012604169, 0.606750258177, 0.53627061505, 0.292745589742, 1.27738396605, 0.507035155395, 0.587690601165, 1.21536686552, 
0.18069438787, 1.52145143862, 0.792302510052, 0.565877404037, 0.522729887874, 0.250666104872, 1.32164353491, 0.47148400353, 0.611257839552, 1.19050642505, 
0.130865089839, 1.47145390324, 0.768552858357, 0.520795695868, 0.493543797592, 0.203605409095, 1.37018501081, 0.45010174168, 0.648359390035, 1.15230789015, 
0.0854527532413, 1.42182713945, 0.732404894814, 0.477628634571, 0.452855895725, 0.153605909846, 1.41169875498, 0.43183671331, 0.678969002203, 1.12180414122, 
0.0439476380411, 1.37751587656, 0.699817057171, 0.428435345491, 0.406045663647, 0.10669828465, 1.45326053663, 0.423538944677, 0.703189648121, 1.09630159634, 
0.000114293217166, 1.3297160124, 0.667130466316, 0.378481676556, 0.358571169877, 0.0685402853865, 1.50174676181, 0.398877720709, 0.710988974057, 1.06760518819, 
0.0422552025811, 1.28707165935, 0.649355900176, 0.328729889221, 0.310081860641, 0.0437343299201, 1.54817095829, 0.379417585146, 0.7014262662, 1.03208239668, 
0.0787035410324, 1.23869813944, 0.623501844861, 0.279036181945, 0.26034491334, 0.0352723825765, 1.59798249145, 0.349874565237, 0.675654928246, 0.994247575605, 
0.114191607192, 1.18890086007, 0.613844354461, 0.229273217055, 0.211855604103, 0.0441750790905, 1.6474764405, 0.322423165879, 0.638725843521, 0.960518846704, 
0.152561066092, 1.13941149185, 0.619638786337, 0.18417451935, 0.167918407637, 0.0383807959518, 1.69479724503, 0.282334198862, 0.605314226987, 0.916200130902, 
0.18794913856, 1.0904840649, 0.626822761038, 0.146165119303, 0.130200643777, 0.0443717596519, 1.7403048004, 0.249993771609, 0.561195237805, 0.866636919399, 
0.233284081395, 1.04503035839, 0.628481772899, 0.0993373880693, 0.104899643657, 0.044575317132, 1.78441307702, 0.206561586353, 0.527783621271, 0.821537473296, 
0.280054138096, 0.99817373224, 0.644971460693, 0.0613279880222, 0.0821169183328, 0.0393268339061, 1.81780776002, 0.167008528047, 0.483896194487, 0.786541373324, 
0.324885935584, 0.960950494449, 0.668005574485, 0.0145002567888, 0.0532234072322, 0.0285995020208, 1.83646095778, 0.126837204101, 0.440843515361, 0.741441927221, 
0.35944225701, 0.920845752862, 0.690269831132, 0.0324285689175, 0.021416713031, 0.0345650496674, 1.83812281935, 0.0809740536448, 0.396527871977, 0.701211530516, 
0.381064405412, 0.87331388709, 0.726503439546, 0.0818244286237, 0.00875371184406, 0.0571496843574, 1.83931472641, 0.0417756850441, 0.36216784131, 0.653829500493, 
0.397899411467, 0.824355336244, 0.766349347191, 0.130891712661, 0.0234677429311, 0.0914586096058, 1.83747686712, 0.0155576072756, 0.317494873595, 0.608374502256, 
0.413423737737, 0.782432099695, 0.814122753701, 0.180889685507, 0.0209506509251, 0.122678295367, 1.81866039355, 0.0236407613251, 0.267835199781, 0.562614681199, 
0.411755995132, 0.734771092554, 0.859785469088, 0.230843228907, 0.019429655243, 0.138657439756, 1.79149504287, 0.0627273596354, 0.218497044899, 0.519362881464, 
0.427280321401, 0.684798322666, 0.895727607371, 0.280838632792, 0.03509347977, 0.169877125517, 1.75895856702, 0.0887923103935, 0.168513951752, 0.474498847251, 
0.449788948098, 0.638699406757, 0.917614016221, 0.330701608417, 0.0372862091181, 0.195580728837, 1.7217385395, 0.102592633014, 0.119036421169, 0.43142153602, 
0.485940145298, 0.591084947869, 0.946393128876, 0.378822660215, 0.0448451830171, 0.218315433225, 1.67946947943, 0.104055099795, 0.0693322861197, 0.396062980237, 
0.513266489462, 0.550971763832, 0.960071316132, 0.419397679147, 0.0603231914201, 0.254910039501, 1.63172297799, 0.109208101634, 0.0211518983779, 0.350745668438, 
0.524623759314, 0.503708770518, 0.964363478073, 0.453268586865, 0.0911287649488, 0.300950698068, 1.58177983393, 0.110444840994, 0.0288474543036, 0.305955459716, 
0.518642100492, 0.454183156307, 0.977693890358, 0.472517359605, 0.127368009854, 0.33993969504, 1.5340333325, 0.0958733489136, 0.0788474452671, 0.26169411465, 
0.519179813426, 0.404547829092, 0.973738344511, 0.474822311292, 0.152540581771, 0.365871218828, 1.48883205552, 0.0685474195834, 0.1258217864, 0.212147359863, 
0.527148787153, 0.357387611029, 0.958685781113, 0.476764152306, 0.181815104432, 0.398231582593, 1.43944045689, 0.0532091024885, 0.164104678893, 0.163291265216, 
0.541700516207, 0.307391869413, 0.950152385371, 0.46150078039, 0.214730430256, 0.419827910634, 1.39568716851, 0.0258145360574, 0.198153144517, 0.115184801701, 
0.555575943287, 0.257767846659, 0.958983727924, 0.431255249791, 0.250687072784, 0.455545369227, 1.36284948269, 0.00353194778475, 0.217624964469, 0.0653178879275, 
0.57050047168, 0.214750343512, 0.950450332183, 0.397670048023, 0.28654794015, 0.492652732246, 1.33341681732, 0.0172629982998, 0.251673430093, 0.0197052096534, 
0.595763581636, 0.18963592864, 0.950934583576, 0.370760030472, 0.308329303669, 0.516060522165, 1.29515153623, 0.0466094821419, 0.291453504719, 0.0206558360099, 
0.63426072534, 0.178479636255, 0.967768726777, 0.334596745133, 0.333081338884, 0.542758485642, 1.24818657867, 0.0713839702108, 0.328526947307, 0.068676672629, 
0.661707832075, 0.181315425749, 0.967485029018, 0.312423812705, 0.341482095327, 0.577367014583, 1.20373845886, 0.0798102033802, 0.362331234458, 0.118623191646, 
0.679593986074, 0.175500637926, 0.958407142335, 0.277226790856, 0.356428084529, 0.62223077124, 1.16118643401, 0.101600010047, 0.381496458999, 0.16829265873, 
0.709280296658, 0.181303179794, 0.957509074143, 0.25629855357, 0.386791839344, 0.671938524441, 1.11222087038, 0.110114580565, 0.406119125429, 0.216562773872, 
0.729873161794, 0.169770325206, 0.970831279393, 0.249448860799, 0.410219980811, 0.716802281097, 1.06222087862, 0.125987689757, 0.414373192414, 0.262222502521, 
0.764807389831, 0.175572867074, 0.966867245247, 0.226828248821, 0.438751509228, 0.751410810038, 1.01250591983, 0.15711992135, 0.412429244836, 0.312097680534, 
0.797791532456, 0.186846290034, 0.959660601225, 0.209321208204, 0.456899057524, 0.773959224559, 0.96462455429, 0.19975626875, 0.414913220882, 0.360652408802, 
0.817333032111, 0.212058572679, 0.935966126715, 0.201709237263, 0.483681604103, 0.799461320636, 0.914705522193, 0.238779492968, 0.431346901118, 0.408932165957, 
0.819955192801, 0.250518118818, 0.902523951192, 0.210423129794, 0.519517206618, 0.815948470135, 0.865405050454, 0.28149455358, 0.462940445468, 0.454038412897, 
0.812031689236, 0.295734529762, 0.858385641711, 0.206831888996, 0.563680910207, 0.847585883334, 0.818849551031, 0.323891402973, 0.50513144913, 0.495798026905, 
0.794660591754, 0.33092470189, 0.815994742479, 0.199690356499, 0.598427550203, 0.890557621281, 0.769102095539, 0.372292897612, 0.549966831148, 0.535840685531, 
0.787634425329, 0.36379883531, 0.773188410538, 0.209905184081, 0.643375612757, 0.937716165524, 0.719105822568, 0.421704179675, 0.588725018058, 0.58370959831, 
0.797963308749, 0.394946189689, 0.732214371805, 0.236244312781, 0.684379570503, 0.98678890028, 0.669132270214, 0.470752111374, 0.633401263873, 0.631473117041, 
0.808888435273, 0.425615772183, 0.684981596859, 0.250880452345, 0.725336272396, 1.03449278922, 0.621616347188, 0.520163393437, 0.679638309267, 0.673749503113, 
0.835842481009, 0.4409297382, 0.635318284553, 0.280985862382, 0.760813905159, 1.07935253576, 0.579198902121, 0.567369267467, 0.716578323632, 0.717931215826, 
0.846767607533, 0.439040997428, 0.590631257646, 0.295622001946, 0.78210170883, 1.12711562262, 0.5371016409, 0.61663809438, 0.739765796059, 0.751442132367, 
0.857432126777, 0.440392752056, 0.553507788575, 0.299776799604, 0.812451059399, 1.17679737455, 0.488316084316, 0.664674265196, 0.774424595917, 0.770240341635, 
0.862641362363, 0.431657967718, 0.530078761353, 0.292133536891, 0.82897866936, 1.22540933221, 0.446218823094, 0.714166112253, 0.819319079376, 0.785098129791, 
0.870316175297, 0.414096214424, 0.498804399356, 0.275904898058, 0.832319733854, 1.27444341347, 0.397433266511, 0.758241352849, 0.864973958303, 0.782731345814, 
0.860629793332, 0.401813602866, 0.45607331817, 0.265984253303, 0.82452469852, 1.32386551796, 0.347843672689, 0.807124344998, 0.902260391877, 0.797589133971, 
0.857246517292, 0.394076739419, 0.415122371718, 0.270252757639, 0.815050707089, 1.37349882875, 0.299058116106, 0.849464814545, 0.930879736198, 0.827879425731, 
0.837005465043, 0.369911429182, 0.369892224944, 0.257225262969, 0.820133664698, 1.41807158694, 0.251270896987, 0.885455453739, 0.958988983163, 0.850756909142, 
0.823619115097, 0.360013028789, 0.320583812158, 0.250066386427, 0.807897670674, 1.46770489774, 0.21139668809, 0.908575502657, 0.999545765454, 0.857048768421, 
0.822940189223, 0.364298653146, 0.271414614551, 0.226414427107, 0.812980628284, 1.51645248057, 0.182942190386, 0.938929582971, 1.039366591, 0.868057761359, 
0.806458316894, 0.361483259355, 0.22168178532, 0.197345982015, 0.827888799622, 1.56136232264, 0.170265444196, 0.953863952594, 1.07248711946, 0.895084167124, 
0.779164198682, 0.3590514319, 0.173362940816, 0.179959025284, 0.842548747191, 1.61046253425, 0.1748954522, 0.975278262296, 1.1110238311, 0.926159862915, 
0.757948440655, 0.33968549273, 0.123560901561, 0.179654386327, 0.843622676993, 1.66045866655, 0.196273767103, 0.983383228069, 1.1529302162, 0.95219174106, 
0.753497360618, 0.309101308571, 0.07356393343, 0.162267429596, 0.835519038528, 1.71042246747, 0.219420874243, 0.974124567684, 1.18531678294, 0.974595150465, 
0.76009306759, 0.293890224911, 0.026770473108, 0.16196279064, 0.813800427827, 1.76020356904, 0.2563301761, 0.967512793004, 1.20272147635, 0.981003892177, 
0.749339440797, 0.290544709565, 0.0230228649373, 0.149743737136, 0.786244951037, 1.80841338445, 0.302549866148, 0.946882716515, 1.21845494985, 0.970066188462, 
0.722831752197, 0.270338269768, 0.0682600781504, 0.121679090528, 0.764738167046, 1.84918078442, 0.339459168006, 0.935982251094, 1.22092846249, 0.962719546853, 
0.701511615592, 0.26150844201, 0.113945875075, 0.0811538613868, 0.742318964349, 1.88738092889, 0.362606275146, 0.90985745086, 1.23918083564, 0.972731362849, 
0.673602493248, 0.260427236335, 0.154059687241, 0.0488775988756, 0.705966223598, 1.92920997831, 0.369199304832, 0.902365659437, 1.26396672045, 0.998894063683, 
0.641818946169, 0.276508243804, 0.188924125574, 0.0316085380615, 0.677843192103, 1.95914775569, 0.359359181803, 0.883457382221, 1.28994461039, 1.03491718173, 
0.625153477361, 0.296148746425, 0.228064327002, 0.0297205415447, 0.641018150248, 1.97358332323, 0.350684070171, 0.884237583568, 1.30457464166, 1.0646627286, 
0.597407043542, 0.298878359935, 0.254202670588, 0.0450352165537, 0.594846182467, 2.00352110061, 0.336808167893, 0.885224943095, 1.31275749025, 1.07886875316, 
0.557107631985, 0.296411045364, 0.264186486332, 0.0431472200369, 0.551938853052, 2.02471459004, 0.337244816774, 0.871706690447, 1.30970826611, 1.09774349859, 
0.514505781285, 0.295598219242, 0.257756630117, 0.058461895046, 0.505087614415, 2.03754926891, 0.352019421702, 0.854739509589, 1.30382319979, 1.09964422556, 
0.47710956351, 0.283148693025, 0.248204605143, 0.0730671723964, 0.456678796397, 2.03907443839, 0.355945778442, 0.850646287265, 1.29478310719, 1.11851897098, 
0.430617239198, 0.2569811442, 0.241536362563, 0.103146809092, 0.411927602401, 2.02341457946, 0.34258714804, 0.842380464888, 1.28933023425, 1.13633941048, 
0.38105867817, 0.217819628992, 0.218322020194, 0.117752086443, 0.364638995298, 1.99245850221, 0.345096458971, 0.830822988973, 1.28121792148, 1.1639280848, 
0.33139102386, 0.170387604097, 0.207190122549, 0.132491085155, 0.319687898601, 1.97679864327, 0.343490634507, 0.818958194021, 1.25972677482, 1.20261712213, 
0.286687143078, 0.131226088889, 0.197431635198, 0.162682340057, 0.284936277329, 1.94584256602, 0.346588606359, 0.825710688256, 1.25487105605, 1.24457707045, 
0.24240888521, 0.0923388477743, 0.188391867279, 0.177421338769, 0.264575689886, 1.91194102085, 0.332431597189, 0.821906505381, 1.26224558032, 1.27470657746, 
0.208744610445, 0.0450474407911, 0.184822024063, 0.18919669153, 0.229824068614, 1.88600373736, 0.335529569041, 0.831001094973, 1.28152297026, 1.28937157995, 
0.164466352577, 0.00494409043165, 0.1659667158, 0.202071151815, 0.209463481171, 1.86457773774, 0.349529282017, 0.8516356455, 1.29730042867, 1.31650139428, 
0.120623549632, 0.0546080826838, 0.154242006155, 0.223022281409, 0.190318427619, 1.82966149486, 0.379101704506, 0.888232852913, 1.29589908641, 1.34337830258, 
0.0774734300898, 0.101313352883, 0.158358790592, 0.227182602489, 0.18524490139, 1.79356801599, 0.417138510956, 0.926536309917, 1.29971624824, 1.38003037334, 
0.04556500717, 0.145554212125, 0.145184359236, 0.214050318935, 0.197490087336, 1.75565561065, 0.451814498202, 0.955319211395, 1.29581408444, 1.4028402222, 
0.00569435157012, 0.186738409162, 0.137615283363, 0.187883717164, 0.206942688478, 1.71907685705, 0.496719476427, 0.97060671942, 1.30144768005, 1.41083492247, 
0.0362137476368, 0.235136007199, 0.1201194393, 0.167636491005, 0.210080407712, 1.68906112341, 0.540587217724, 1.00296616541, 1.29608279374, 1.426485893, 
0.0816954144717, 0.284991854753, 0.0876588293976, 0.156068203701, 0.226351208965, 1.67453232816, 0.583589248427, 1.02918231952, 1.29449299165, 1.42613296746, 
0.117330236291, 0.331774126626, 0.0665736469367, 0.161581829085, 0.225470545343, 1.66196927554, 0.621770648904, 1.06944404954, 1.28107010968, 1.41655785224, 
0.161018120722, 0.380226288877, 0.0622661163502, 0.14976622737, 0.241741346597, 1.66671626358, 0.663094263282, 1.09850265026, 1.266113573, 1.39822109925, 
0.193754031967, 0.429404943222, 0.05622334886, 0.150526911253, 0.249187972563, 1.68820073545, 0.69229827815, 1.1397314415, 1.23574103724, 1.36912446583, 
0.237441916398, 0.472530853198, 0.0379489837121, 0.138487918414, 0.251853584211, 1.69294772349, 0.705860258309, 1.18835689623, 1.19804125607, 1.32787540287, 
0.286812370388, 0.514054165223, 0.0133843047658, 0.143772857024, 0.237281752125, 1.68137650604, 0.707590814144, 1.23833266517, 1.15289210825, 1.28039897337, 
0.332566570081, 0.54354687489, 0.0534183498715, 0.160775107645, 0.214151822221, 1.67639691214, 0.710246483769, 1.28490752246, 1.10425343374, 1.23077531391, 
0.37483872831, 0.575260634996, 0.0988027276218, 0.171679900853, 0.207578000777, 1.67428679136, 0.695665128036, 1.32309341146, 1.05425534278, 1.18144511138, 
0.418516247347, 0.610390737565, 0.148777762379, 0.165237713943, 0.196182088271, 1.65521815489, 0.665605473645, 1.36351510009, 1.00742194145, 1.13230014173, 
0.451236052528, 0.640856371994, 0.196829226907, 0.142225569732, 0.168822520079, 1.64389746706, 0.633123742844, 1.39909408422, 0.969402029141, 1.08230032589, 
0.48691944408, 0.655983416608, 0.246603023626, 0.107810937563, 0.136657071039, 1.62200458489, 0.60143773711, 1.43620541, 0.924998072739, 1.03360286157, 
0.527517210579, 0.653898596296, 0.292722765331, 0.0878773989501, 0.0956626572426, 1.59646889704, 0.578900011671, 1.46590146529, 0.891133175092, 0.984044779989, 
0.565250952304, 0.644546998705, 0.341985375877, 0.071444859815, 0.0576845692585, 1.58717580439, 0.542989868937, 1.48649775579, 0.866172015613, 0.934980156392, 
0.608839656435, 0.642479236297, 0.386436917154, 0.0522681322147, 0.0108737434244, 1.57822572542, 0.497345914216, 1.51718241881, 0.857533766601, 0.892166827927, 
0.641421718084, 0.646345206599, 0.429994835925, 0.0500411365669, 0.0277168146726, 1.58664020739, 0.447681781151, 1.54967286508, 0.855709851749, 0.858677201133, 
0.668586084945, 0.632928217221, 0.465101919017, 0.0365506122338, 0.0748537837889, 1.59381313896, 0.397950780029, 1.58165845726, 0.847337348738, 0.839905569544, 
0.708469336282, 0.603846555095, 0.508887332477, 0.0302360960327, 0.115376095829, 1.60019369191, 0.349447421776, 1.62508564288, 0.823699816667, 0.818198803667, 
0.752894693985, 0.579643514391, 0.548501168536, 0.0404143868282, 0.16216594244, 1.62110491366, 0.301530190593, 1.67407374725, 0.787279478158, 0.794368416043, 
0.799493477661, 0.561197356209, 0.577964544419, 0.0332359178897, 0.209646019696, 1.62952071102, 0.253859950775, 1.72406718991, 0.752746282506, 0.787008946716, 
0.849481481936, 0.534404176735, 0.599262955099, 0.0292305692595, 0.25938988365, 1.65014261264, 0.203911672592, 1.77086288355, 0.707928657405, 0.784410885055, 
0.896562441772, 0.506387487319, 0.607724242358, 0.04147272187, 0.307862567321, 1.68509963368, 0.157753279938, 1.81758960558, 0.673189596538, 0.764891600222, 
0.936142193173, 0.468614787446, 0.635688833159, 0.0560586935096, 0.34934755952, 1.71494343791, 0.109769111115, 1.8558580959, 0.628246151379, 0.73929404571, 
0.962885490107, 0.425873456462, 0.667533812448, 0.0824601491496, 0.386041413711, 1.74033988135, 0.0664676147574, 1.90304607333, 0.578519164708, 0.704456291275, 
0.996114633067, 0.386979916907, 0.689828861386, 0.0948772622353, 0.432138768985, 1.77161631601, 0.0184536832228, 1.95304046625, 0.53000644501, 0.660453081155, 
1.0179452236, 0.340225839022, 0.706655926109, 0.0952322733335, 0.468832623175, 1.81365405419, 0.0274028738995, 2.00224159442, 0.480592931825, 0.625449788828, 
1.04781927187, 0.290264540779, 0.713859645072, 0.112666450746, 0.491697155923, 1.86075178136, 0.067289102125, 2.04564099954, 0.436770999246, 0.581271551358, 
1.08207238633, 0.243988995371, 0.740327360694, 0.113021461844, 0.515692417571, 1.90347481495, 0.114211667505, 2.08092093724, 0.403826219086, 0.531908618536, 
1.10180196666, 0.20698071653, 0.769981811393, 0.130455639256, 0.553243649184, 1.93646266211, 0.152397570441, 2.11677340117, 0.379446883108, 0.483005064106, 
1.13605508113, 0.183703448867, 0.802713477323, 0.159946371365, 0.590614314365, 1.96176266208, 0.180256153937, 2.13938504186, 0.341607346647, 0.440612404332, 
1.15578466145, 0.155247238597, 0.823564123699, 0.200262690632, 0.622571852541, 1.9943360345, 0.210069070085, 2.17650281537, 0.303466587017, 0.391708849902, 
1.15861102908, 0.142568477724, 0.844612135703, 0.236165897591, 0.665754183007, 2.03791912594, 0.23960657316, 2.21094417804, 0.274111422382, 0.346124358773, 
1.15256347457, 0.136010875917, 0.87007002066, 0.28180578276, 0.712083243433, 2.07571383296, 0.253564720335, 2.23651245092, 0.234999601868, 0.300664699751, 
1.14470534193, 0.135160342835, 0.881852648881, 0.32540952034, 0.759633188469, 2.1039727122, 0.25025995306, 2.25138672688, 0.189653171553, 0.261583965461, 
1.12043262431, 0.147544480661, 0.891319540846, 0.374752396625, 0.807580589619, 2.12243304383, 0.230090875041, 2.28245225701, 0.139837078928, 0.216864511676, 
1.10916410829, 0.142613603452, 0.886177821683, 0.418356134205, 0.853404605731, 2.12403372795, 0.226786107766, 2.29913919097, 0.0898873286471, 0.182491077331, 
1.0819141144, 0.120962447771, 0.900997238787, 0.46769901049, 0.889623328584, 2.1084456373, 0.226426740556, 2.30102429451, 0.0429919715946, 0.141264875535, 
1.0693174517, 0.112153195504, 0.901307436537, 0.512406257812, 0.923868504864, 2.08768317538, 0.223650620011, 2.28672341854, 0.00643301628424, 0.112201128302, 
1.04352507924, 0.117565517421, 0.918955493576, 0.562074776844, 0.963094586114, 2.08053159438, 0.223294643435, 2.25768199207, 0.0564097961465, 0.0709749265056, 
1.01793722083, 0.123171649635, 0.953220368956, 0.610713811162, 1.00249360077, 2.07766853457, 0.240060708628, 2.22889751536, 0.105755683159, 0.0242862937441, 
0.996686886695, 0.111446516065, 0.974911092826, 0.652456775392, 1.02898746611, 2.05790519001, 0.245377575318, 2.19500621794, 0.152035563016, 0.0229867138623, 
0.974593538339, 0.10528829959, 0.995479251983, 0.682268851986, 1.06356515695, 2.0550421302, 0.235054385053, 2.1758258605, 0.196897244321, 0.0718387166334, 
0.938491600336, 0.0825306639595, 1.03180139731, 0.724011816216, 1.08934909041, 2.05160838185, 0.213198341266, 2.17350636627, 0.244361188308, 0.114101116144, 
0.91639825198, 0.0542328565229, 1.05977354024, 0.772650850534, 1.11152565091, 2.06296358022, 0.187931480073, 2.17477019211, 0.288056710476, 0.153708566951, 
0.881217695667, 0.0417402904294, 1.0757011959, 0.816306323613, 1.13203048431, 2.06519847047, 0.155217072022, 2.16342239852, 0.33645148515, 0.187097708156, 
0.856640114456, 0.0465597535204, 1.10315588788, 0.854998238672, 1.16284852984, 2.07568727387, 0.119318927213, 2.15957817505, 0.386226086675, 0.220690153664, 
0.822360426597, 0.0549525572984, 1.1441797076, 0.886826057171, 1.17834159582, 2.08105217158, 0.089208427598, 2.14123960821, 0.435564342777, 0.252095897433, 
0.79018270198, 0.0459808433388, 1.17416588117, 0.920252215453, 1.2043973146, 2.07925548827, 0.0693701215894, 2.10884417587, 0.485551335898, 0.268300996759, 
0.773034647576, 0.0505957025434, 1.1904297199, 0.958808971776, 1.21428619649, 2.07932668112, 0.0441538069333, 2.08264774871, 0.535522215617, 0.29010806978, 
0.751680435419, 0.0418008825544, 1.20838149452, 1.0059281953, 1.24034191527, 2.07857325994, 0.0284569704646, 2.05328136621, 0.585352466428, 0.32352586648, 
0.716826664238, 0.0285998417061, 1.22419687569, 1.04836309402, 1.27616719102, 2.08832423716, 0.0190711662384, 2.04056879657, 0.630769637392, 0.359105051014, 
0.691587997845, 0.0326891328522, 1.24904134287, 1.09528594009, 1.31461422741, 2.10572442845, 0.00671557164448, 2.04635499754, 0.671741003414, 0.385419749673, 
0.664622214714, 0.0473498105256, 1.27101929292, 1.13347236761, 1.35919905994, 2.12119734207, 0.0204155775089, 2.06979597715, 0.713686444738, 0.417266708246, 
0.637739441896, 0.0689117814594, 1.27864612013, 1.15831652986, 1.40128628296, 2.12871017307, 0.0333155246413, 2.08608168564, 0.745901199037, 0.4560203245, 
0.605537602115, 0.104602576932, 1.29669856976, 1.1933486486, 1.43160290986, 2.11886306499, 0.028915453798, 2.11329212941, 0.788682341815, 0.4854967907, 
0.576058548005, 0.140140119885, 1.29957738592, 1.21406628759, 1.47369013288, 2.11487658869, 0.0350407851644, 2.12877150127, 0.820031988498, 0.517263130081, 
0.55850040902, 0.185564084668, 1.31174436353, 1.21797059383, 1.51435786112, 2.11238334404, 0.0267253888817, 2.1603695375, 0.836168909025, 0.533907584824, 
0.537578307046, 0.225216224809, 1.31050392255, 1.21063258725, 1.55266327727, 2.11340734707, 0.00204861606657, 2.1835414344, 0.838816962926, 0.547331058973, 
0.521229984435, 0.267408732022, 1.32749724639, 1.19995581918, 1.57766758066, 2.09979443364, 0.0175744903281, 2.19626763349, 0.857330939845, 0.57155234192, 
0.513236593533, 0.2978806798, 1.33926109327, 1.17321636084, 1.59415021345, 2.07914408007, 0.0438060038826, 2.19889562921, 0.89061386133, 0.603910078794, 
0.494048773369, 0.323531181095, 1.34458939132, 1.13563757331, 1.62449171882, 2.07175468279, 0.0636458530188, 2.21454034384, 0.925798821798, 0.621279304235, 
0.480186157145, 0.362313975128, 1.36717443257, 1.10719265285, 1.65080510844, 2.04789769847, 0.0979863367306, 2.21410053656, 0.970884558719, 0.652214709673, 
0.483590157789, 0.400618209349, 1.37484565578, 1.08787047568, 1.66099029711, 2.03216139878, 0.142685485871, 2.22504660932, 1.00585798884, 0.681774937188, 
0.49535235652, 0.441246252636, 1.38064453, 1.05923415103, 1.68130127325, 2.03057989, 0.180757389643, 2.24444547629, 1.04623986349, 0.706051508947, 
0.50945430071, 0.483724828032, 1.40377564549, 1.03380041529, 1.70397347544, 2.04618620839, 0.217219856843, 2.26691188669, 1.09427052309, 0.723751033092, 
0.539112550751, 0.528943927315, 1.42230484221, 0.999928165654, 1.72586822558, 2.05491044983, 0.248036418122, 2.29534691313, 1.1347627462, 0.754865196924, 
0.553214494942, 0.572687378543, 1.42552676779, 0.979559351954, 1.76181681286, 2.07535916161, 0.277375893873, 2.3318616254, 1.16375943479, 0.780665777316, 
0.561564803051, 0.61288430011, 1.41940194468, 0.951658719664, 1.78921330229, 2.07896921068, 0.318793343802, 2.35523807023, 1.17707584061, 0.819558800234, 
0.586272364051, 0.656973360819, 1.39817737422, 0.911477404767, 1.81858474343, 2.06530517185, 0.36405529641, 2.37403539445, 1.19178922908, 0.857227320194, 
0.609699489105, 0.690337687723, 1.39462004334, 0.883896714706, 1.86002430179, 2.03601512986, 0.405318130015, 2.3867172623, 1.21259848167, 0.881378589476, 
0.635056205011, 0.734426748432, 1.37422228386, 0.843715399808, 1.89781731719, 2.0066702979, 0.453750438247, 2.41388439395, 1.23137610295, 0.890040445664, 
0.658805234346, 0.781236389237, 1.34165440954, 0.799354559613, 1.93379711332, 1.97122500574, 0.503728093666, 2.42596876518, 1.23791555429, 0.891905298002, 
0.691517080959, 0.831233842555, 1.32046665648, 0.749779409061, 1.96596600209, 1.92992533496, 0.551202925809, 2.44921481353, 1.22710651514, 0.891152892554, 
0.713446781513, 0.879145868721, 1.31604637717, 0.70093610092, 1.99801779832, 1.88147684739, 0.601180581228, 2.48513309464, 1.20025271513, 0.880258453787, 
0.74267711959, 0.923543667379, 1.30017526369, 0.651381327216, 2.03989350111, 1.83564578952, 0.648655413372, 2.51613520907, 1.16263746918, 0.867806012055, 
0.772596103228, 0.967992508796, 1.2780904539, 0.602480999625, 2.06989952982, 1.79941492984, 0.696524097095, 2.53266394332, 1.12729893166, 0.871350288668, 
0.7870092075, 1.01347445083, 1.24719104979, 0.552533569624, 2.10571535411, 1.77396565763, 0.745243938277, 2.53301637256, 1.0890221791, 0.857622830405, 
0.812675398427, 1.05119874142, 1.20471051029, 0.50269772835, 2.13329096936, 1.75522409783, 0.794870520478, 2.51882011181, 1.05564536519, 0.834588778378, 
0.822117729806, 1.08736569737, 1.16157484878, 0.45289149977, 2.1734686632, 1.75082931714, 0.84359036166, 2.50166282418, 1.01326922469, 0.80890347421, 
0.843345796534, 1.13265378467, 1.12968845358, 0.403350761027, 2.20782945903, 1.73616469246, 0.892750126599, 2.50257095077, 0.975327627814, 0.770095096692, 
0.847810416346, 1.1817730544, 1.11289729454, 0.359110195884, 2.22769496356, 1.72576976822, 0.941458732035, 2.52113860529, 0.931860936898, 0.740216740635, 
0.835101062929, 1.22516203179, 1.08359226925, 0.309569457142, 2.23157616174, 1.71654666486, 0.990815408364, 2.53055558871, 0.895059644319, 0.725852180546, 
0.820912845876, 1.26559971245, 1.04219866126, 0.260703889035, 2.21817388659, 1.704534199, 1.03446109443, 2.52357380197, 0.848901155796, 0.696447408944, 
0.792330787518, 1.30275214914, 0.999479816429, 0.212074461799, 2.20266024031, 1.69003684006, 1.07282732452, 2.51157421215, 0.7992651408, 0.656236580661, 
0.777189423706, 1.33089716988, 0.968223837295, 0.17035429367, 2.20433921148, 1.68988310302, 1.10772609379, 2.51786890466, 0.751604869359, 0.6082870116, 
0.767335350539, 1.36301991334, 0.952200656232, 0.121724866434, 2.2063309032, 1.69773319468, 1.13075920321, 2.50777642012, 0.711078875281, 0.55879164762, 
0.762399760811, 1.38010051428, 0.938437828409, 0.0723541351677, 2.21873714875, 1.69846906454, 1.15990766038, 2.48576034629, 0.662980647556, 0.508824069723, 
0.759611374637, 1.38007880015, 0.933321682337, 0.0225034624663, 2.22106415505, 1.68206140101, 1.19415283198, 2.45028140352, 0.622454653478, 0.461254159126, 
0.753317349054, 1.36529170519, 0.919781894448, 0.0256615243355, 2.24033330257, 1.65833787439, 1.21387239432, 2.40513797319, 0.57770303761, 0.418395661495, 
0.730437923983, 1.36773242411, 0.919552390848, 0.0663314169899, 2.24266030886, 1.63494357757, 1.22165287918, 2.36070835405, 0.538192692519, 0.3693142532, 
0.704074570836, 1.36280426588, 0.934399072159, 0.113640775547, 2.22776450263, 1.6181852619, 1.24585683666, 2.31115469806, 0.492993199345, 0.319862716886, 
0.693831841715, 1.35159763261, 0.950342703294, 0.16363125684, 2.19744253793, 1.59856208576, 1.280801642, 2.26199591594, 0.443207967052, 0.273273822628, 
0.700945160921, 1.32440090768, 0.973587998145, 0.211887444223, 2.16334273802, 1.56967377788, 1.31144453636, 2.21415006629, 0.39390405138, 0.227676955882, 
0.699472853172, 1.28984802072, 0.985876241254, 0.261426475128, 2.13699056142, 1.53941280768, 1.35195411987, 2.1642171012, 0.350417107928, 0.178187806983, 
0.680995744824, 1.26973952825, 1.01399992294, 0.310939334002, 2.12676070617, 1.51419533418, 1.38707272806, 2.11828240397, 0.314150227846, 0.134121516545, 
0.647742447835, 1.24341400999, 1.049568466, 0.356918849701, 2.11841893306, 1.49336843314, 1.4146993629, 2.08231633817, 0.291018330895, 0.0930392130184, 
0.623071853985, 1.22866936981, 1.09501083911, 0.401298905936, 2.09478323093, 1.47000901988, 1.42710756112, 2.04639714934, 0.283798398718, 0.049835737239, 
0.58944468927, 1.19847340901, 1.13637826135, 0.441076365276, 2.06940990407, 1.43518718308, 1.4298264483, 2.02542507561, 0.293935663438, 0.000629573152907, 
0.556503948368, 1.17982664997, 1.18371007843, 0.482625335164, 2.04300442675, 1.41473735387, 1.44234467331, 1.99397887245, 0.297285486553, 0.0486442896455, 
0.516967610369, 1.15492760689, 1.22626602527, 0.512155250709, 2.00910579786, 1.37991551707, 1.44703956543, 1.97875320324, 0.317495875461, 0.0962415424284, 
0.490284316034, 1.11670037131, 1.257277969, 0.553704220596, 1.96468077505, 1.35918142688, 1.46847677304, 1.95753684679, 0.345301328094, 0.140034972032, 
0.479672464465, 1.09175299125, 1.27300541153, 0.583234136141, 1.91720215709, 1.35525909868, 1.48664516124, 1.93196532434, 0.35721710011, 0.183185905274, 
0.459086055667, 1.05458489635, 1.28575658297, 0.609146410077, 1.87213433236, 1.36211596339, 1.5116156517, 1.89723144342, 0.355531294213, 0.226358928106, 
0.438584525719, 1.01486381971, 1.29458873973, 0.626652271972, 1.82308822959, 1.35377211338, 1.53506494434, 1.85722325981, 0.366478039764, 0.258302268315, 
0.403978669261, 0.982838198544, 1.29362912143, 0.628333480234, 1.77340922821, 1.36279267118, 1.56557129921, 1.81122516709, 0.385327644445, 0.280541132276, 
0.364837898665, 0.947100264461, 1.28767700055, 0.619773518854, 1.72607211179, 1.38808962438, 1.60537718935, 1.76131501146, 0.387201244266, 0.286122461933, 
0.317416435383, 0.906549636483, 1.27044942673, 0.607141860237, 1.68131149102, 1.40799819798, 1.6324339585, 1.71512787831, 0.406050848947, 0.308361325894, 
0.275125604407, 0.878449091302, 1.27031467122, 0.59284455445, 1.63579351181, 1.43988883867, 1.66280837724, 1.67044345144, 0.41351352988, 0.344575388954, 
0.232639124486, 0.843004292489, 1.26784445139, 0.595796448263, 1.58594389619, 1.45668518951, 1.68325555546, 1.62207843337, 0.432864450455, 0.38283848717, 
0.191868331835, 0.805766609316, 1.26362331212, 0.611697208192, 1.53745407987, 1.46450609249, 1.68686392839, 1.57879999518, 0.438004292082, 0.428444750828, 
0.163455675011, 0.782186810443, 1.2643487666, 0.616586423726, 1.49348109038, 1.45496482747, 1.68861854376, 1.53131146738, 0.425823750919, 0.478310520754, 
0.12716647775, 0.74494912727, 1.26529819541, 0.604161730658, 1.45201135873, 1.44353874009, 1.67950153717, 1.48324786467, 0.417041711272, 0.526942627513, 
0.104829958186, 0.721369328397, 1.24909244279, 0.609050946192, 1.41215624083, 1.42504588752, 1.66346611052, 1.44323480044, 0.425624453834, 0.576538747536, 
0.0912893603559, 0.686186641426, 1.25004187161, 0.614794069904, 1.3740687081, 1.3961090366, 1.64004172588, 1.40038491485, 0.416842414187, 0.621593403819, 
0.0700705179041, 0.640974728442, 1.26803196672, 0.637178663369, 1.32719889981, 1.35497117659, 1.60292177729, 1.35183152147, 0.425425156748, 0.663681910832, 
0.0656160450812, 0.591409045809, 1.26898139554, 0.647936730764, 1.27720000657, 1.32603432566, 1.55959053643, 1.30586338797, 0.416643117101, 0.698872453698, 
0.056615316039, 0.542583432578, 1.25277564292, 0.641345531139, 1.23010263281, 1.29437084981, 1.51974094781, 1.26064876387, 0.418343712967, 0.719792406904, 
0.0545262307019, 0.492704036161, 1.23356325699, 0.623434842368, 1.19158741689, 1.27785192058, 1.48882061902, 1.21091094062, 0.402850637361, 0.723918515347, 
0.0693493974756, 0.447019787422, 1.20984660037, 0.622570477681, 1.14467255884, 1.27623203625, 1.47320398308, 1.16097251823, 0.378341235795, 0.72385872282, 
0.0735387717906, 0.397140391006, 1.20160153007, 0.616999970118, 1.09534109651, 1.25761781278, 1.45781271862, 1.11105148486, 0.34261237632, 0.706701541285, 
0.0853921052011, 0.34726173177, 1.19574919736, 0.628307849727, 1.05177182061, 1.22425440024, 1.44671157455, 1.06111968298, 0.302205181401, 0.674516380048, 
0.108816966032, 0.299200453785, 1.17488502304, 0.622275848258, 1.01163157495, 1.18741808829, 1.44076613486, 1.0118450162, 0.274307076802, 0.649550901345, 
0.137592135934, 0.258753456486, 1.15664434273, 0.632048205731, 0.984108417415, 1.14123972835, 1.41819957044, 0.962642415697, 0.257648357959, 0.637776963591, 
0.172194439774, 0.222327612527, 1.12696720776, 0.636010717975, 0.958057027165, 1.09370852877, 1.39216523577, 0.912642529537, 0.229918352983, 0.63252204289, 
0.210274927846, 0.197468877995, 1.0853168897, 0.656781481767, 0.91898033939, 1.05089830271, 1.35928444248, 0.865866419445, 0.205434574296, 0.631805534191, 
0.253982870738, 0.173987592392, 1.05563975473, 0.663780879671, 0.884287747031, 1.00348602595, 1.31550350146, 0.825037512306, 0.167516899351, 0.614032985057, 
0.299430978267, 0.150030811537, 1.0280848746, 0.653425545159, 0.839372634714, 0.955268104463, 1.27343333834, 0.777160045875, 0.128399330878, 0.597547756951, 
0.33500918476, 0.115783306947, 0.987921979149, 0.640228300351, 0.794638552536, 0.91243621903, 1.23775107686, 0.728929452547, 0.0929128726062, 0.565911919757, 
0.356426233435, 0.0952754489069, 0.958531312443, 0.624459359182, 0.758859953536, 0.870816974979, 1.20809242572, 0.682458671015, 0.0572008279484, 0.538870127187, 
0.388840296318, 0.0892446166687, 0.921244806349, 0.595413145078, 0.715263127026, 0.822230334698, 1.17600584034, 0.644345627363, 0.0200993116144, 0.499075015561, 
0.424418203914, 0.0666013326445, 0.889258945776, 0.557032147182, 0.665922534196, 0.777340588417, 1.15287348536, 0.602427484767, 0.00330077037327, 0.462348456505, 
0.468760239784, 0.040688231216, 0.872346079943, 0.512392385033, 0.619693548003, 0.729049520113, 1.11597541189, 0.564832149481, 0.0167025768264, 0.416232465128, 
0.504722895106, 0.0182858400185, 0.872546150078, 0.466121521597, 0.569799410884, 0.679265270011, 1.08439615216, 0.519133666053, 0.0457714172921, 0.369954367038, 
0.53924514283, 0.0165420776407, 0.887131246743, 0.416160711052, 0.520906091009, 0.63089644678, 1.04219861935, 0.483782010991, 0.0591732237452, 0.33294155546, 
0.559314833305, 0.0591796478704, 0.902796896412, 0.367166094658, 0.471024774951, 0.582629278211, 0.993883045474, 0.439845475134, 0.0847520305034, 0.304052623186, 
0.562511265662, 0.0903137113301, 0.908253659069, 0.319511689864, 0.421433102215, 0.541736049841, 0.943905277672, 0.391613032615, 0.118624134458, 0.262948175735, 
0.548448902984, 0.119177903222, 0.930380199971, 0.273837102072, 0.373841098016, 0.513149088531, 0.893905540272, 0.341737958459, 0.144038025845, 0.21651063536, 
0.521234920166, 0.152115531175, 0.939317873205, 0.223959360426, 0.323876160671, 0.477086774815, 0.843909567318, 0.291878031183, 0.177960733513, 0.166534198465, 
0.502777543027, 0.185673552981, 0.93089096222, 0.178284772634, 0.276284156473, 0.447425881315, 0.796711682222, 0.24402302295, 0.19727452075, 0.119046760914, 
0.469540105148, 0.214881942389, 0.929129775228, 0.134727146632, 0.226309034302, 0.413693206709, 0.747123603964, 0.195377185228, 0.231197228417, 0.0690703240187, 
0.451082728009, 0.238984861166, 0.924482150002, 0.0916317142404, 0.179628657527, 0.379170144466, 0.697123651982, 0.14563615332, 0.2568813834, 0.0226327836435, 
0.417954357891, 0.258982191105, 0.927431739165, 0.0598065524939, 0.140455814405, 0.348063987266, 0.650162766388, 0.0976063961763, 0.27136653225, 0.0270338815012, 
0.38272898106, 0.269266135246, 0.913132221117, 0.0275908320507, 0.0932072729705, 0.30544505054, 0.611905123054, 0.0583702057511, 0.289499918555, 0.0763795964309, 
0.361764479426, 0.284952694974, 0.916081810281, 0.0120662623242, 0.0432134940662, 0.256453807046, 0.567429129132, 0.010900263417, 0.31203687241, 0.122481996981, 
0.326539102595, 0.295518199667, 0.920086274985, 0.0485267203291, 0.00643886093356, 0.21383487032, 0.52781838426, 0.0325940372135, 0.348479993985, 0.168518439513, 
0.289680998867, 0.29906637173, 0.906803167435, 0.0914071439844, 0.0541861926804, 0.164843626825, 0.480204377548, 0.0819004302361, 0.371016947839, 0.211361271201, 
0.261111370058, 0.293806890843, 0.89796416465, 0.134252697006, 0.104064617118, 0.115389143561, 0.433329544568, 0.130400478531, 0.384027507375, 0.246124797394, 
0.220230299664, 0.283676169535, 0.876339318334, 0.183329305535, 0.153911551251, 0.0714363610799, 0.385004518646, 0.180132889018, 0.379741527172, 0.27684516871, 
0.179255700561, 0.261018531106, 0.871437483397, 0.226174858557, 0.203898115078, 0.0382866336224, 0.335204624193, 0.229537966144, 0.38014958949, 0.295968635755, 
0.138773663142, 0.225917699605, 0.862638710037, 0.275251467086, 0.251266544584, 0.00385885340333, 0.289936463447, 0.27953425234, 0.367772557713, 0.308730373474, 
0.0921211151142, 0.186783656482, 0.841251432466, 0.32463976784, 0.295872925663, 0.0408940466861, 0.252930174217, 0.329524128394, 0.372710733565, 0.3151420723, 
0.0455273849657, 0.144536968541, 0.811859591828, 0.371721074172, 0.330063260387, 0.0905742064127, 0.218837215764, 0.377971819225, 0.372097118659, 0.32034701124, 
0.00446031214158, 0.100010876442, 0.798074660827, 0.417972323435, 0.356633387171, 0.139055326088, 0.183368268438, 0.419515406301, 0.388620228592, 0.342246150718, 
0.0530717842563, 0.0504937824702, 0.776329420168, 0.454937501163, 0.383257063855, 0.188032709032, 0.137985103813, 0.449115556806, 0.403966421185, 0.360749139182, 
0.102819030746, 0.0027114715146, 0.742639858131, 0.489143066595, 0.405649293804, 0.237833332523, 0.0941052602212, 0.470928639658, 0.402111513889, 0.362249289331, 
0.152243175827, 0.0472515833629, 0.715229795393, 0.508812692059, 0.413298970844, 0.287741816865, 0.0446734833881, 0.506814058393, 0.389560306603, 0.368090335019, 
0.201394451664, 0.094858776711, 0.692240111658, 0.51897514289, 0.427157363247, 0.335394785216, 0.00531854424407, 0.543346555384, 0.361212582703, 0.376405821129, 
0.250719045666, 0.138495539601, 0.655450740359, 0.511780663748, 0.423748976707, 0.385351830598, 0.0519903125364, 0.589351624728, 0.343600760943, 0.387276920607, 
0.300686163766, 0.1711520783, 0.615282341311, 0.517306831821, 0.411135106262, 0.434879486527, 0.0995244006209, 0.639280376099, 0.316253177328, 0.403157479501, 
0.349978443751, 0.20477706259, 0.567353035754, 0.539495969478, 0.382734070992, 0.482170955907, 0.149496017614, 0.689229277133, 0.298623272938, 0.434295858299, 
0.399781231573, 0.246316788285, 0.527184636706, 0.545022137551, 0.351236628586, 0.526897735336, 0.199353919948, 0.736938832578, 0.266053889292, 0.466745188513, 
0.449779602304, 0.282880306004, 0.499622045915, 0.550765511604, 0.334919982889, 0.574543849221, 0.244916665402, 0.777672997893, 0.22247337473, 0.484227141252, 
0.499722192212, 0.305574386669, 0.459453646867, 0.539174705227, 0.310468998358, 0.6141312747, 0.294110786602, 0.823107414869, 0.173244540943, 0.513602349297, 
0.547472134198, 0.342137904389, 0.412271241455, 0.524153579526, 0.284749686526, 0.65893196373, 0.343361536262, 0.872941046778, 0.12379535698, 0.552358640752, 
0.597414724106, 0.382249286398, 0.372715222798, 0.521501184386, 0.247516423686, 0.696655802986, 0.392745486694, 0.922261854917, 0.0798596934493, 0.577973107648, 
0.646258779871, 0.409732042387, 0.338366614048, 0.52470534692, 0.201114737131, 0.735775922152, 0.442196351713, 0.970981347009, 0.0394532384879, 0.587356267251, 
0.694307038655, 0.439942847981, 0.293819155314, 0.519823347063, 0.155505923667, 0.761886759787, 0.486514367959, 1.02072021705, 0.0115561764624, 0.599624717705, 
0.743564651681, 0.454705286189, 0.249311565671, 0.515261421427, 0.108765017198, 0.771838963518, 0.534565371812, 1.06571399674, 0.028850278499, 0.604857416769, 
0.793560291189, 0.470396927257, 0.200931815861, 0.527620926739, 0.0587699058453, 0.764432150695, 0.584512210281, 1.11017459671, 0.0768925115921, 0.592767445147, 
0.840766669439, 0.484171748898, 0.15115159327, 0.554284034693, 0.00877332174446, 0.759786340303, 0.630658506994, 1.15977752614, 0.117298966553, 0.598000144211, 
0.879490000522, 0.488090505859, 0.103293192011, 0.573637863826, 0.0380082067659, 0.742259776106, 0.676035377964, 1.20442822636, 0.156805720752, 0.585910172589, 
0.921526478725, 0.503974688587, 0.0533696991991, 0.607522206453, 0.0832983339524, 0.709774227305, 0.71149375779, 1.24000247981, 0.194473852676, 0.562770746611, 
0.96768896993, 0.523815562961, 0.00740262486051, 0.65193830935, 0.133102830247, 0.667837473817, 0.746809587152, 1.2716605929, 0.227581914081, 0.53127012885, 
1.01674975311, 0.526762913906, 0.0321982806695, 0.686935813579, 0.18141453836, 0.622059847983, 0.767889875241, 1.28817298217, 0.271046348703, 0.490535115129, 
1.05955278488, 0.536533980246, 0.0693566086472, 0.707609311536, 0.231219034655, 0.572164952298, 0.803205704604, 1.30444047262, 0.3034364484, 0.462173294416, 
1.10492403133, 0.561719268353, 0.114094565524, 0.720156852956, 0.279530742768, 0.524170847553, 0.82684861297, 1.30507011275, 0.320845489121, 0.426320520426, 
