Line Start: (-9, 8), Line End: (8, 5)
NumSharks: 20, K_att: 100, K_rep: 1000, Sigma_Rand: 0.35, Speed/ts: 0.05
0.888287157773, 0.230330985862, 0.833963555028, 2.2078597419, 2.21130576327, 0.0929211105694, 0.341186741014, 1.03669709324, 0.0239470120955, 0.205372087143, 0.114408066164, 1.28380712475, 0.747830627328, 0.219931260674, 0.776446343597, 0.04110748246, 0.430302287005, 3.35801508588, 0.851529510191, 1.48604136367, 
0.898780824105, 0.181611517982, 0.883059623646, 2.21842804497, 2.18143272209, 0.111823436879, 0.343110855722, 1.05076745254, 0.0419338782873, 0.206488633057, 0.0667230443187, 1.31436735623, 0.787026576812, 0.268138404479, 0.773716138773, 0.0905624672889, 0.386415109571, 3.38600701026, 0.873954053398, 1.51227969057, 
0.925361788469, 0.132612285674, 0.933045581719, 2.21164435775, 2.14008233784, 0.121598576906, 0.336801310928, 1.0567183372, 0.0610728723559, 0.190441100257, 0.022203834773, 1.32954960139, 0.832874633346, 0.316534202617, 0.754075091558, 0.134516873133, 0.349786464764, 3.42648073958, 0.910310896178, 1.53582454461, 
0.93717553199, 0.0868852238112, 0.98042227841, 2.18832689304, 2.10139178012, 0.142861944863, 0.337749873818, 1.07098690178, 0.0948562310632, 0.171143712527, 0.0220497631751, 1.36010983287, 0.869134812963, 0.357973427724, 0.735556609236, 0.167669149949, 0.315083200512, 3.45872028184, 0.932735439384, 1.54286316426, 
0.932765248377, 0.0415533271843, 1.03040823648, 2.18154320583, 2.05788995615, 0.174340785244, 0.335933676796, 1.08943828055, 0.129180399303, 0.168786131749, 0.0713801763779, 1.38963260004, 0.910568633959, 0.387344386881, 0.70758911101, 0.194842697448, 0.294784020545, 3.48924989345, 0.946124617682, 1.53959213075, 
0.945655289701, 0.00825979961598, 1.07778493317, 2.17269750608, 2.02603020267, 0.214904912993, 0.349884559177, 1.0908829135, 0.14899964637, 0.171109177152, 0.120524908194, 1.41745135668, 0.939931777917, 0.428783611988, 0.667718540422, 0.228644866839, 0.282571554652, 3.51654722861, 0.949719384298, 1.51945399177, 
0.973678366955, 0.0565459583339, 1.12419701667, 2.17164857949, 1.98612533177, 0.255966519903, 0.349659805687, 1.09264349992, 0.168899269391, 0.188762075121, 0.164432214071, 1.42938267607, 0.980672660723, 0.477292920918, 0.630373721679, 0.267921309662, 0.263161428478, 3.54212520554, 0.936040607085, 1.51250658256, 
0.991708738402, 0.106491775223, 1.1706678883, 2.18022626426, 1.93849338188, 0.304309544928, 0.358780993864, 1.08542196627, 0.189834179913, 0.21260189527, 0.211684523388, 1.45682651431, 1.00904281738, 0.527021375094, 0.58390991964, 0.299897998383, 0.256326938441, 3.58085464506, 0.912036094237, 1.49952974007, 
1.02460215724, 0.156230581685, 1.22048667927, 2.17143917052, 1.88852695155, 0.353910418564, 0.350538054803, 1.06171424261, 0.207166269583, 0.242528388133, 0.260392678312, 1.46832049857, 1.04978370019, 0.575917278774, 0.53498968917, 0.316799635225, 0.253821336831, 3.62678667434, 0.901417497408, 1.50385050739, 
1.04263252868, 0.204715452475, 1.26962024926, 2.14634715145, 1.84230574551, 0.403738815767, 0.353656808735, 1.02632577475, 0.216581378275, 0.281782631681, 0.310378051335, 1.49186690542, 1.08238450306, 0.625552466208, 0.485484950839, 0.32041976258, 0.268546362998, 3.66319215355, 0.893442297558, 1.51869219061, 
1.04362512385, 0.254635283825, 1.31956956979, 2.10797667489, 1.80588622919, 0.452921355882, 0.346213549735, 0.988579531553, 0.242223776081, 0.328655858025, 0.35954743471, 1.49890726773, 1.10005316513, 0.674256305938, 0.436814822168, 0.319882136222, 0.28081861539, 3.68568004459, 0.894169338021, 1.54896906189, 
1.04656080773, 0.304093984385, 1.36573681358, 2.08288465583, 1.76024996778, 0.499745739807, 0.339390057972, 0.950063531577, 0.252079982873, 0.378483115173, 0.408855677867, 1.48859241392, 1.10065858498, 0.724186793444, 0.388398152827, 0.311689406029, 0.288561042394, 3.69153797593, 0.887374467318, 1.59102928372, 
1.04914751424, 0.354093982671, 1.40436551259, 2.05005405424, 1.72116938924, 0.549682963315, 0.327417931561, 0.908339390126, 0.278107248045, 0.426725708635, 0.452355478969, 1.48562468441, 1.09174577535, 0.774185354225, 0.33846897261, 0.312403244878, 0.27894180531, 3.68005939459, 0.882936868244, 1.62562177726, 
1.03450011617, 0.40252912528, 1.44990339154, 2.0213052094, 1.67560191249, 0.599225591491, 0.314479660834, 0.862880026943, 0.311774532237, 0.476644286227, 0.492187167377, 1.47733721197, 1.08165080325, 0.821298384224, 0.289205087468, 0.309904340647, 0.258794413608, 3.68557189213, 0.861733366713, 1.64578045334, 
1.03006946556, 0.447664706697, 1.49650252171, 1.98566134609, 1.63490237171, 0.648088195185, 0.296484233211, 0.81322983078, 0.353060896291, 0.525829824137, 0.537092524559, 1.48641399954, 1.08891346587, 0.865931535725, 0.245835792656, 0.294046571936, 0.255518829853, 3.67375518779, 0.832922107348, 1.67568203762, 
1.0376971073, 0.494033039807, 1.53827400572, 1.94905779203, 1.59684477202, 0.690377223257, 0.269209950074, 0.763712244453, 0.382211230513, 0.575240353775, 0.583115137782, 1.48843455172, 1.09025134116, 0.900165133273, 0.205605002634, 0.284575819501, 0.25959460469, 3.67926768532, 0.819824878302, 1.70146188627, 
1.04142369754, 0.531206613276, 1.57832022606, 1.90301201316, 1.55479747344, 0.728036803113, 0.229247808721, 0.71371226856, 0.396504010918, 0.623324310211, 0.619678233711, 1.47762685087, 1.09427607008, 0.934041845007, 0.163171310053, 0.279043242726, 0.268946141509, 3.66745098098, 0.824021398693, 1.73040509355, 
1.04908374054, 0.569185711461, 1.61886787394, 1.8664084591, 1.5193829991, 0.769205957427, 0.201973525584, 0.666744452956, 0.414221031732, 0.66381973936, 0.665700846935, 1.48416766116, 1.08101256295, 0.953297900112, 0.122186448644, 0.273408638277, 0.270160289672, 3.63973034371, 0.813458101222, 1.76047646288, 
1.07318095741, 0.606466768664, 1.66697619296, 1.82036268023, 1.47999729864, 0.81663539497, 0.16872201687, 0.620284071508, 0.435365310481, 0.691842294819, 0.715003050795, 1.5058462557, 1.08503729187, 0.97043334861, 0.0829979974652, 0.279537829141, 0.263199686608, 3.60510124258, 0.807021416088, 1.77825899277, 
1.11080886813, 0.649119459433, 1.71684260984, 1.7706150119, 1.44795355554, 0.86472978229, 0.142647046743, 0.580793542106, 0.463378730668, 0.704012042829, 0.764207105059, 1.52889164304, 1.10586481513, 0.983985348976, 0.0458182652043, 0.277295228224, 0.262687640644, 3.56656507219, 0.800242713501, 1.8109520309, 
1.134906085, 0.680276180248, 1.76447840603, 1.72078442813, 1.40528407047, 0.91459990166, 0.103553127197, 0.554173499897, 0.475537780457, 0.717228979673, 0.808913129517, 1.53537096794, 1.13485395429, 0.990599436681, 0.00993591141737, 0.280062238137, 0.259011266268, 3.52870286037, 0.802040374558, 1.84903226128, 
1.15746885486, 0.706258678629, 1.80404505881, 1.6721437138, 1.35876194563, 0.96406313335, 0.0561555618944, 0.529795688752, 0.474416022123, 0.731812397678, 0.84765910679, 1.55841635528, 1.16336798551, 0.989200291268, 0.0118732109843, 0.287758418513, 0.278629529073, 3.48797422678, 0.802992799676, 1.87640651779, 
1.1634100725, 0.745284986388, 1.84249233044, 1.62505615976, 1.32116906701, 1.01037184923, 0.0170616423485, 0.521818785094, 0.456265211252, 0.742222813315, 0.887183542201, 1.59524819125, 1.17611478887, 0.999372265718, 0.0361435612201, 0.301412582217, 0.311642806674, 3.44077024349, 0.801085104625, 1.90792894064, 
1.15201313938, 0.786674918389, 1.88955386828, 1.57505708063, 1.27954272166, 1.05217731134, 0.00901332777835, 0.504453296752, 0.455143452917, 0.767442333476, 0.913850395541, 1.62208191622, 1.20462882008, 0.992187412329, 0.0706209605083, 0.319545211124, 0.356984736387, 3.40205150888, 0.810103150235, 1.93633772318, 
1.12465269384, 0.829413614877, 1.9381244078, 1.52534987581, 1.24124530941, 1.08312587654, 0.0368399470063, 0.499373167689, 0.436992642046, 0.781512775576, 0.929109939392, 1.66226658579, 1.24547086617, 1.00235938678, 0.0906338848, 0.339865676713, 0.404538923776, 3.37058032989, 0.818270904275, 1.94896070281, 
1.09200894733, 0.868944871458, 1.98801057853, 1.47679240372, 1.20947354582, 1.09877665127, 0.0771963757228, 0.501838981964, 0.419835293518, 0.811144586865, 0.959734358773, 1.69663974478, 1.27552661757, 1.01315595734, 0.0937684800663, 0.363588048165, 0.454412620135, 3.35161179794, 0.842817377638, 1.97268740421, 
1.06228669607, 0.895621146335, 2.03661259364, 1.43314664653, 1.18412053163, 1.09898118966, 0.124738924835, 0.521236288303, 0.387649996225, 0.847193799853, 0.980890175593, 1.72001190213, 1.31163869058, 1.03216070206, 0.0840114980977, 0.377295073126, 0.502630355422, 3.34832204064, 0.875911556619, 1.97993026846, 
1.04810845571, 0.912775298378, 2.08642730755, 1.39490962596, 1.16020869687, 1.11627425695, 0.165263845565, 0.526031958382, 0.34615143751, 0.873704897366, 0.994132787932, 1.74211056006, 1.34815512169, 1.05912163109, 0.0916151824694, 0.379430330232, 0.55203098301, 3.3281667281, 0.9130218456, 1.96981569925, 
1.01838620446, 0.916080115026, 2.13176696985, 1.34795974257, 1.15273600045, 1.14640923154, 0.204247292205, 0.547560580254, 0.298825709614, 0.891179540644, 1.00871634013, 1.77898746572, 1.38344593679, 1.09660258456, 0.110673406731, 0.389663285607, 0.60110516112, 3.29357688848, 0.937628384616, 1.97038558271, 
0.990699928628, 0.93624923832, 2.17879597539, 1.30024559218, 1.16469233635, 1.16108078408, 0.23077079137, 0.583225484394, 0.248935453038, 0.891577732999, 1.02578572921, 1.8254646132, 1.42662651907, 1.14314179522, 0.117856194777, 0.382915027025, 0.650726523614, 3.26696659494, 0.969285034672, 1.96558219831, 
0.970206144918, 0.939554054967, 2.22327966527, 1.25087824675, 1.18235128128, 1.17567230172, 0.268391683191, 0.622993600064, 0.200921540195, 0.878543052326, 1.02575208606, 1.87428572529, 1.45858139019, 1.18231948098, 0.124913414073, 0.39351827705, 0.69614249982, 3.25643906717, 1.00206000158, 1.95447825038, 
0.939543870574, 0.959723178262, 2.26403175313, 1.20336305661, 1.21626160134, 1.20491082423, 0.315007953612, 0.669723542771, 0.153550082793, 0.851573717001, 1.03330107396, 1.92411784815, 1.50176197247, 1.2218975257, 0.132714053535, 0.386770018468, 0.743908466753, 3.24994459346, 1.02769479874, 1.92736997992, 
0.924238712896, 0.980554353648, 2.29540859765, 1.16403733837, 1.25117755111, 1.24625836485, 0.352628845432, 0.718000216516, 0.107827348683, 0.829251076645, 1.02747449654, 1.97318731931, 1.53938321761, 1.25958929876, 0.134940223515, 0.363484190857, 0.788161204685, 3.22688564881, 1.03710121252, 1.88752704442, 
0.893576438552, 1.01413932238, 2.32113750049, 1.11652214822, 1.29469746454, 1.27549688735, 0.383501042527, 0.766423302066, 0.0581616423935, 0.803237737453, 1.02692006649, 2.0198845374, 1.5634715661, 1.28377153666, 0.139671883493, 0.353408997613, 0.831999108156, 3.2203911751, 1.02914469058, 1.84199576636, 
0.867575438314, 1.03614279648, 2.34214561278, 1.06961994428, 1.33702314161, 1.30575594008, 0.41715604642, 0.807665189808, 0.00951695598557, 0.793397519508, 1.03812420215, 2.05805692017, 1.57583024381, 1.32146330972, 0.127093928044, 0.360691639378, 0.871517039261, 3.21393626975, 1.02845729368, 1.80000861936, 
0.831069521773, 1.04146321463, 2.37740507273, 1.01962051753, 1.37151816758, 1.34217462472, 0.46142847916, 0.856088275358, 0.0370541405465, 0.783266922996, 1.03340740662, 2.08531587088, 1.60401398592, 1.36811843386, 0.120205278205, 0.353385724868, 0.919505589402, 3.2149438392, 1.02137197097, 1.75294352228, 
0.791744901207, 1.06342851309, 2.39841318502, 0.972718313589, 1.39290461951, 1.38048320054, 0.509431304376, 0.903337612134, 0.0815722878303, 0.773365263633, 1.01195032475, 2.09764835628, 1.63431650608, 1.41386292492, 0.12177453164, 0.333884484725, 0.960473021899, 3.20816344847, 0.99973201222, 1.7062235638, 
0.749284045994, 1.07817783217, 2.40263606126, 0.926958594412, 1.40577118268, 1.42261701633, 0.555767397386, 0.953013453143, 0.121720765871, 0.75185106266, 1.00301444194, 2.11170858677, 1.66439596316, 1.44994494707, 0.120874905415, 0.331305995075, 0.990608976973, 3.19403542852, 0.994813495827, 1.66841301644, 
0.718413975377, 1.10391999988, 2.38956436027, 0.882568747627, 1.42920362371, 1.45300231941, 0.605734752085, 1.00166042913, 0.150830156702, 0.716197357732, 0.991819685398, 2.12252025582, 1.69252777796, 1.49002875001, 0.109336764876, 0.345961259824, 1.03345174305, 3.19026215317, 0.973173537081, 1.63323041996, 
0.69704922087, 1.14277014937, 2.37914134867, 0.836298587046, 1.45083540234, 1.4773220557, 0.655619255745, 1.05029125725, 0.16427998851, 0.670704511855, 0.971656623056, 2.13205448773, 1.71643858055, 1.52069832954, 0.11513391091, 0.374905040708, 1.0826810393, 3.17790359483, 0.943021048067, 1.58855030042, 
0.675234015341, 1.17799055799, 2.36358530788, 0.78887643879, 1.46968532454, 1.49324775779, 0.701333680161, 1.10027558495, 0.16044801308, 0.635050806926, 0.962402753789, 2.15821570854, 1.75161215095, 1.56066291991, 0.137567122146, 0.41604773043, 1.12632724193, 3.181195825, 0.90629941182, 1.54762943008, 
0.670121901418, 1.20018255722, 2.35823191549, 0.739855482973, 1.49626327889, 1.51961617128, 0.746927085753, 1.15007281872, 0.139796423203, 0.604929015249, 0.936901391818, 2.16822582297, 1.79681858418, 1.6084940828, 0.155955234646, 0.447423721082, 1.17260949349, 3.17933780506, 0.860186224095, 1.50405217714, 
0.648306695889, 1.23636053126, 2.34925656997, 0.694190197749, 1.53615429615, 1.5298647297, 0.796790550545, 1.19532837194, 0.135964447773, 0.584193828825, 0.90281730435, 2.18599203321, 1.84450015502, 1.65105067119, 0.169384905168, 0.489393426213, 1.21549911997, 3.17622547014, 0.811094949534, 1.46443645545, 
0.638040540936, 1.2803623938, 2.34035994681, 0.646285201075, 1.5841561307, 1.54350234825, 0.842383956137, 1.23706792174, 0.115312857896, 0.549147954659, 0.870021270685, 2.19688347135, 1.89421288306, 1.68425396104, 0.192713948233, 0.529826028134, 1.25439542559, 3.17021428123, 0.761718710284, 1.41677630781, 
0.615702909274, 1.31894660893, 2.34882797697, 0.596767260999, 1.62928880169, 1.53986490776, 0.891623667923, 1.28173658615, 0.0803325400961, 0.511510733489, 0.826294729549, 2.2031251021, 1.93930662951, 1.71492877085, 0.199510603883, 0.559304992522, 1.30198371517, 3.15369073453, 0.718013009514, 1.37716058611, 
0.590292479669, 1.35826900018, 2.36190276818, 0.548890474459, 1.67195957112, 1.52680520134, 0.938994087073, 1.32756157806, 0.0352426369549, 0.485045600051, 0.793498695884, 2.19473188905, 1.98710565757, 1.74395649252, 0.206608838724, 0.575535334413, 1.34676157113, 3.12202347255, 0.685249399764, 1.34480571427, 
0.562547367397, 1.39478047148, 2.35768308208, 0.501037259481, 1.7038917121, 1.52835221258, 0.98880218441, 1.36378198243, 0.0120027882425, 0.474685569568, 0.762207478857, 2.16998650278, 2.03624555267, 1.75730962173, 0.198626671573, 0.590697472036, 1.39356412831, 3.08432442083, 0.652198379697, 1.30475008171, 
0.527112150098, 1.41740658919, 2.34126791458, 0.451220324494, 1.72895129705, 1.51476337929, 1.03800131304, 1.38885195889, 0.0619967164533, 0.459700618579, 0.719465182581, 2.14000509718, 2.08191178553, 1.75337757403, 0.174244205391, 0.621240998727, 1.43611471917, 3.05853485545, 0.618553554822, 1.2773452846, 
0.499595857039, 1.45391806049, 2.3096895644, 0.402945687654, 1.76209701361, 1.50614277818, 1.08798574999, 1.42720609367, 0.111993854712, 0.461934309616, 0.683721968062, 2.12551736475, 2.11785992667, 1.73263461239, 0.163006907812, 0.647389973081, 1.48397279338, 3.02386456277, 0.599588002823, 1.25760330276, 
0.459460514139, 1.4999110631, 2.29255984817, 0.357745954807, 1.78979760323, 1.4811971447, 1.13604408208, 1.47421831206, 0.158792834689, 0.464504475826, 0.662092438417, 2.09830327181, 2.1610081792, 1.72870256468, 0.169110821033, 0.686537933861, 1.52443074559, 2.98728364972, 0.56623302515, 1.2356038963, 
0.419072231765, 1.53784490173, 2.29252929322, 0.312030557922, 1.82391142929, 1.4429352904, 1.17838356979, 1.51618075313, 0.201900666747, 0.483998041261, 0.636479093923, 2.07258934454, 2.19605332909, 1.73766873379, 0.178801420386, 0.722205914252, 1.57268475101, 2.96456684097, 0.542283364845, 1.2302879822, 
0.376787903455, 1.57772477264, 2.30579648882, 0.265136221763, 1.84449699194, 1.41154401345, 1.22721167501, 1.54789384402, 0.244747439311, 0.503870454879, 0.627097218018, 2.03375993611, 2.23216793709, 1.76291797971, 0.182881533174, 0.743738497758, 1.61484933255, 2.93713264383, 0.522374379339, 1.21260926721, 
0.327927168435, 1.60754075405, 2.32005855424, 0.21513690882, 1.84954476567, 1.38053869404, 1.27707460358, 1.57254162181, 0.282971456853, 0.529425630546, 0.601483873524, 1.99448010897, 2.27200083729, 1.78137053827, 0.199965495891, 0.748538537023, 1.64608326202, 2.91841601993, 0.5109162665, 1.1844278694, 
0.278660538735, 1.63969305327, 2.34985107027, 0.166791419652, 1.87064187986, 1.33798718088, 1.32705410887, 1.61058176484, 0.325392763022, 0.568138283979, 0.581551445562, 1.9469880835, 2.29909515227, 1.81066014398, 0.232090980415, 0.738156149297, 1.68614595438, 2.91529994701, 0.493242931737, 1.15461495621, 
0.233373996563, 1.67299919438, 2.38627923859, 0.116998736205, 1.87891663177, 1.30659616821, 1.3769874635, 1.65003246198, 0.374307550711, 0.612102057191, 0.569258554581, 1.90770825637, 2.31842454586, 1.82799378511, 0.25330136908, 0.729143628807, 1.73272397605, 2.89530403127, 0.460638341746, 1.14032854501, 
0.196465973388, 1.69642318992, 2.42010283275, 0.0686532470361, 1.89837673438, 1.27901982127, 1.42479212527, 1.69761042722, 0.424139258737, 0.647711503255, 0.569966702198, 1.88137835442, 2.34225680472, 1.85914325895, 0.265336529674, 0.717934097881, 1.78029642552, 2.87405581636, 0.435961887057, 1.12197185967, 
0.165954296332, 1.72375697557, 2.45144743294, 0.0186549074878, 1.91023464657, 1.26737145776, 1.46470214645, 1.74756529904, 0.473316910472, 0.685845587585, 0.556929264877, 1.84209852728, 2.37968522559, 1.8750372651, 0.28946343983, 0.700004601597, 1.83022622857, 2.86706911838, 0.411944231739, 1.10155249453, 
0.125011244181, 1.76376176505, 2.47101182133, 0.0288578395992, 1.90961380322, 1.2641751322, 1.51250680822, 1.79627658836, 0.516440010407, 0.727196274989, 0.530371710209, 1.81576862533, 2.42619538853, 1.89105627368, 0.322173858696, 0.667192678352, 1.87635494976, 2.85397938472, 0.375624797687, 1.07969404892, 
0.0767215222319, 1.80575263065, 2.49936949398, 0.075033801412, 1.89405458867, 1.26628856271, 1.56240695084, 1.84201174157, 0.561088384379, 0.763811577546, 0.496810306149, 1.78718795117, 2.46492734447, 1.90400027143, 0.339977860774, 0.635157864051, 1.92609750101, 2.84487797533, 0.353248944459, 1.07453412279, 
0.0273638743643, 1.83592752846, 2.51979565759, 0.122591044119, 1.89696881141, 1.28536026147, 1.60821749526, 1.89189969934, 0.606970148379, 0.78939590829, 0.460828353399, 1.7743626726, 2.5121382151, 1.89964562526, 0.357587905106, 0.59256456839, 1.97514947485, 2.84560854746, 0.316929510407, 1.07264190461, 
0.0162847768139, 1.87068531039, 2.53114541539, 0.166933595798, 1.90306103691, 1.3161628436, 1.64441301374, 1.9404751926, 0.643288560142, 0.814627542988, 0.430620209909, 1.7635101943, 2.55827792479, 1.89091931749, 0.358130683463, 0.556182418546, 2.01886506773, 2.8401193245, 0.274378369975, 1.05377504437, 
0.0583466409048, 1.89731713071, 2.53286314516, 0.200700350737, 1.90227401163, 1.35620831205, 1.69022355817, 1.99040221994, 0.669684997556, 0.830443431615, 0.390141095991, 1.73661887138, 2.59504616715, 1.88552049576, 0.372605196912, 0.526437016779, 2.06308912148, 2.81796350346, 0.225413147193, 1.0232018658, 
0.104714062974, 1.92847612125, 2.54930886949, 0.219852073599, 1.90958163837, 1.39792498198, 1.72641907665, 2.03837320327, 0.692761863824, 0.861528432179, 0.348146758036, 1.69846943824, 2.61800814951, 1.86344623748, 0.401708853188, 0.506566883305, 2.10831772209, 2.80000122965, 0.176035098285, 0.984200600311, 
0.15352399063, 1.97113032633, 2.54861329314, 0.253645588943, 1.915553054, 1.43267055883, 1.74863385547, 2.08254289782, 0.729617683766, 0.880216965321, 0.299813433774, 1.66856964415, 2.63432790392, 1.85361141072, 0.426885830286, 0.472202423224, 2.14448257032, 2.78642581361, 0.126042615888, 0.936850478488, 
0.203147237964, 2.02013501931, 2.55326545552, 0.29138616912, 1.91375784696, 1.46274242103, 1.76681794917, 2.13206289994, 0.752694550033, 0.89545468726, 0.249887615637, 1.6480555897, 2.66295966033, 1.82760276757, 0.445970075107, 0.45233228975, 2.18274293685, 2.78270810789, 0.0793615834591, 0.886862623841, 
0.252998094711, 2.06296214082, 2.54061023403, 0.330923116884, 1.92414007065, 1.47733839058, 1.79983539297, 2.17623259448, 0.789550369975, 0.893485933464, 0.201339172695, 1.61446678624, 2.70388429322, 1.79117226477, 0.452789869519, 0.441784350497, 2.2084283676, 2.77202005787, 0.0396295816487, 0.840266309382, 
0.301893687942, 2.09627043262, 2.51217403513, 0.378266779557, 1.95161551967, 1.49908473858, 1.83172475751, 2.21785837937, 0.835739787772, 0.908723655402, 0.153400890645, 1.58524020467, 2.74298726956, 1.75597737746, 0.476139568182, 0.42571075271, 2.24773869514, 2.77868231043, 0.00646035412144, 0.802681738324, 
0.35044298358, 2.11481599514, 2.49951881363, 0.428255073076, 1.99065255848, 1.52461580809, 1.84935422484, 2.26172703181, 0.872595607714, 0.915954611312, 0.103484514668, 1.54390094169, 2.78792873091, 1.73332686388, 0.48786807058, 0.396618114041, 2.28783537832, 2.77187972283, 0.0547809693812, 0.778642164626, 
0.40044134343, 2.12667327673, 2.50417097602, 0.478199164, 2.03564531945, 1.54356111893, 1.87829364376, 2.30579160806, 0.909101784987, 0.905828256138, 0.0543738399442, 1.49577423318, 2.83377904726, 1.69773928426, 0.509891718901, 0.379976819094, 2.33029146508, 2.74854538404, 0.10467315618, 0.741057593568, 
0.449757708167, 2.14471206399, 2.52556940284, 0.528196710461, 2.08541634431, 1.54764476266, 1.90801702559, 2.33911729081, 0.931720992931, 0.887685548493, 0.0114359154513, 1.45518703653, 2.87004312703, 1.66489753019, 0.530416305102, 0.370535929933, 2.36521333764, 2.74174279644, 0.152678890829, 0.705148282393, 
0.496777995773, 2.17456914862, 2.53022156523, 0.575348447423, 2.13400237549, 1.56136416247, 1.94188023008, 2.36901349041, 0.945030275991, 0.870119613876, 0.0201503114204, 1.40706032802, 2.90421974061, 1.62846901434, 0.553381430576, 0.356219726835, 2.41052563421, 2.71840845765, 0.202589478202, 0.667871808783, 
0.544715332042, 2.18890830111, 2.51756634373, 0.621730524222, 2.17587213576, 1.59070083577, 1.98628312852, 2.39502329543, 0.953265511192, 0.858987521797, 0.0547124134791, 1.3576441284, 2.92402634642, 1.58729206036, 0.5893883827, 0.32638185993, 2.4542843011, 2.6891986661, 0.252241370819, 0.621446027874, 
0.59464112817, 2.18639416174, 2.49605146421, 0.670584698768, 2.20648050572, 1.60442023558, 2.03375227413, 2.40485945603, 0.944136643558, 0.846152600867, 0.0980075165742, 1.31270989132, 2.92693643371, 1.53889767112, 0.625503313492, 0.312065656832, 2.49536475607, 2.67562983571, 0.300913312803, 0.572088879329, 
0.64062469999, 2.18096841237, 2.46039723228, 0.712852547069, 2.23588865237, 1.60095121334, 2.08373046772, 2.41066564421, 0.918744749252, 0.817563741408, 0.147245761375, 1.27798593971, 2.93618325466, 1.49772071715, 0.671266984411, 0.313841417402, 2.54381893092, 2.67710600298, 0.343622968587, 0.522974909849, 
0.689773210437, 2.16331164048, 2.41788823497, 0.752340722572, 2.26302974223, 1.6103369192, 2.13306326226, 2.3991363618, 0.909615881618, 0.786288851078, 0.195369058123, 1.25766049459, 2.96110027969, 1.46315410685, 0.71462855435, 0.306998818159, 2.58535240376, 2.69107623994, 0.392648686259, 0.480027988999, 
0.738413499986, 2.15455543867, 2.38282026714, 0.797760961592, 2.27689921761, 1.62639694275, 2.18301768756, 2.37996084594, 0.911887573535, 0.758355323905, 0.240516692521, 1.22659355617, 2.97400280703, 1.42142038638, 0.751118306392, 0.283628765679, 2.63399221757, 2.71692251483, 0.44090256881, 0.430914019519, 
0.783991429137, 2.14057364533, 2.33767742414, 0.84585251826, 2.29847565556, 1.62529358265, 2.22922950627, 2.34614834932, 0.89879488002, 0.717922995867, 0.275592605075, 1.19092291185, 2.97788217159, 1.37734476517, 0.788402700256, 0.27340144836, 2.68365392393, 2.73554829825, 0.490726234089, 0.38259829255, 
0.819789247955, 2.11101627549, 2.29355910644, 0.893288032756, 2.3043496049, 1.62859816726, 2.27676345638, 2.30835387069, 0.901438494378, 0.672722823319, 0.319947230856, 1.14971608631, 2.98608868779, 1.33227706483, 0.819406241174, 0.24705147522, 2.73045119553, 2.73718063186, 0.538863712705, 0.332795177423, 
0.864737162559, 2.06944838416, 2.26014855156, 0.94321479114, 2.29393097146, 1.62978786975, 2.32564384607, 2.26164266346, 0.92099976697, 0.622937443928, 0.369520627837, 1.10571705927, 2.98881429893, 1.28586726732, 0.838784785109, 0.213017224197, 2.77688926536, 2.73331020835, 0.588688346042, 0.282849240992, 
0.913019465142, 2.02303758196, 2.21603023386, 0.992529573128, 2.28425796636, 1.61380965885, 2.37542430524, 2.22387818697, 0.943680869193, 0.573008360546, 0.418333512716, 1.05771481119, 3.00845111534, 1.23874482353, 0.841230268992, 0.173510386531, 2.81771948986, 2.74672289489, 0.634077171721, 0.236710448758, 
0.960824008196, 1.973063407, 2.17456670218, 1.04234187505, 2.25926128638, 1.61381709497, 2.42541467653, 2.17733528801, 0.952744695024, 0.523036543979, 0.468219796071, 1.01739309792, 3.01960311574, 1.19132575339, 0.839141706465, 0.137572277083, 2.85791704853, 2.74947740679, 0.681024742156, 0.196027357875, 
1.00850692922, 1.92665260479, 2.13186379913, 1.09099883411, 2.22541751539, 1.59672307566, 2.47205466517, 2.12735702803, 0.954533868993, 0.475504296863, 0.515780300583, 0.988491452568, 3.02831205309, 1.14826101977, 0.832301125019, 0.097440140565, 2.89646193037, 2.73499076407, 0.727680446797, 0.147856283803, 
1.04914908387, 1.88769658778, 2.08284063386, 1.132784467, 2.18428736238, 1.5705640729, 2.51921773083, 2.07994426794, 0.954021513278, 0.4361447097, 0.561978286263, 0.95561014018, 3.0196561752, 1.09910428673, 0.829826908544, 0.0519503114624, 2.94371271266, 2.70501026964, 0.765373280556, 0.098007369002, 
1.07737917571, 1.85541645953, 2.03341012359, 1.174946305, 2.14064838576, 1.53345978193, 2.56701875517, 2.03270722955, 0.94113010399, 0.395408866407, 0.609352339667, 0.911828866342, 3.02759588507, 1.05109284249, 0.835914694981, 0.00848581800512, 2.98277469071, 2.66315201359, 0.802835156068, 0.0481007876044, 
1.11802133036, 1.82373559838, 1.98361514674, 1.20537295767, 2.1020754682, 1.50269083174, 2.60914164696, 1.9943039485, 0.93231631317, 0.350158070313, 0.658893051441, 0.875919517602, 3.01817274731, 1.00545402073, 0.841148499119, 0.0400550286274, 3.03027987803, 2.61600472479, 0.829328628571, 0.00144657804218, 
1.15226341319, 1.80579573133, 1.93527611331, 1.24753479568, 2.06621173945, 1.46029792611, 2.64160598728, 1.96720755537, 0.937073135191, 0.30042019534, 0.707912763162, 0.83801171237, 3.0042035499, 0.967977290403, 0.843424388031, 0.0897604499469, 3.07532514068, 2.57351720974, 0.856085950958, 0.0483015587429, 
1.17197908011, 1.77297542575, 1.8932287636, 1.28145112355, 2.04530443325, 1.41139427511, 2.65910642592, 1.92794059027, 0.955611462288, 0.254552516882, 0.757345910422, 0.800948564199, 3.00749683413, 0.932354731857, 0.834237850403, 0.134614685898, 3.1215213562, 2.5245766044, 0.872840618544, 0.0975493616781, 
1.20622116294, 1.72923329486, 1.85281734962, 1.30654863788, 2.01690574757, 1.36214424691, 2.65953215169, 1.88261959673, 0.957149639747, 0.204643541893, 0.804758532314, 0.755075537717, 3.02765538131, 0.886880328822, 0.808795438777, 0.182627089441, 3.16155546747, 2.48208908935, 0.874349442047, 0.14087201942, 
1.25085956114, 1.69505942275, 1.82491330015, 1.31534198611, 1.98150110903, 1.31541058833, 2.64283181579, 1.84779436754, 0.971000605729, 0.156713029335, 0.848890983495, 0.718772232492, 3.03094866554, 0.84305771275, 0.770165883485, 0.223710535179, 3.2062020989, 2.44229564833, 0.86760706694, 0.181989456214, 
1.29469457251, 1.66739698434, 1.78514475097, 1.30677056066, 1.95199432001, 1.26587055902, 2.62274612936, 1.82835629, 0.967584508141, 0.116542106401, 0.887880690572, 0.686587782306, 3.02001149287, 0.793643982805, 0.737469690506, 0.267326201731, 3.24110971919, 2.40773302078, 0.861663119065, 0.230357404074, 
1.32765978998, 1.63375540216, 1.74083852895, 1.29848994214, 1.92506281736, 1.21796920737, 2.61814727627, 1.80956755987, 0.962994232542, 0.0809211036032, 0.923694479075, 0.669431473496, 3.02376131244, 0.74448391625, 0.693807375013, 0.316673012852, 3.28634507275, 2.36660389967, 0.873057374824, 0.280335655841, 
1.37149480134, 1.61479390605, 1.70712971608, 1.28658525319, 1.9060309012, 1.16833553424, 2.60726470278, 1.77693750287, 0.943871213555, 0.0366924054632, 0.967327690411, 0.642308261517, 3.0180997558, 0.701409914884, 0.656933625796, 0.364220396587, 3.33039868703, 2.31823986722, 0.868869485372, 0.329681306364, 
1.41217744567, 1.61108259505, 1.66282349406, 1.2604670712, 1.89457906434, 1.1183631358, 2.58034739165, 1.7471755527, 0.924214405504, 0.00347899626286, 0.999978720611, 0.626024796013, 3.02977065782, 0.656255762684, 0.612825501962, 0.407666903816, 3.3755736411, 2.26845386712, 0.862030874577, 0.374228174407, 
1.4506826335, 1.59054127066, 1.62532696459, 1.22232209848, 1.87870901905, 1.06907967208, 2.56946481816, 1.70601605397, 0.92405559825, 0.0331549474669, 1.04356124817, 0.594554619444, 3.05736633548, 0.615139038932, 0.567236480854, 0.440029383401, 3.42537119895, 2.2184581928, 0.872544983342, 0.408322521932, 
1.49777472577, 1.55564751975, 1.60140435135, 1.1904446065, 1.84849691477, 1.0256531219, 2.55527062456, 1.67299213201, 0.932176692718, 0.0625737734403, 1.08073766866, 0.551693499555, 3.07924290677, 0.585129691615, 0.517373805833, 0.457404442686, 3.47507900238, 2.17081220305, 0.865706372547, 0.439899544532, 
1.5362799136, 1.52201292385, 1.57317328218, 1.14731479075, 1.80698413444, 0.993321368128, 2.5255349966, 1.64089235214, 0.934209137998, 0.0813218966316, 1.10423655884, 0.520223322986, 3.08688371732, 0.555220243749, 0.468368104908, 0.457696393092, 3.52002914404, 2.12744618077, 0.850769716793, 0.456313094671, 
1.58337200587, 1.50306016546, 1.53574535511, 1.09813474353, 1.77193478464, 0.949894817952, 2.48879097008, 1.59811519497, 0.942245521515, 0.107855991529, 1.13194341328, 0.501591974626, 3.09485127535, 0.538723928653, 0.418469092893, 0.475071452377, 3.55507188752, 2.08704821863, 0.85305397025, 0.482042943932, 
1.62421133496, 1.49150312653, 1.51191375093, 1.04883630437, 1.73673802547, 0.917563064179, 2.45949895355, 1.55382747689, 0.964689522503, 0.131346224666, 1.17110464773, 0.480969374596, 3.11344685306, 0.518728315376, 0.370493016107, 0.497634805623, 3.57631972741, 2.03900998205, 0.871022830752, 0.49826290312, 
1.6706769414, 1.46400514505, 1.50090576297, 0.998851939908, 1.70021793471, 0.874136514003, 2.44500943723, 1.51727291512, 0.986142339993, 0.138323560472, 1.20247756178, 0.446011805405, 3.11504665959, 0.515612571812, 0.330226497462, 0.503576672357, 3.59291976669, 1.99500505236, 0.89461708871, 0.501391044539, 
1.71279515801, 1.45244810612, 1.473880224, 0.949291046377, 1.6545396868, 0.829061009253, 2.44776095128, 1.49208016521, 1.01528669365, 0.144499308486, 1.23811573754, 0.400935665817, 3.10740504586, 0.495616958535, 0.301641432639, 0.500015901726, 3.59306412758, 1.94553454087, 0.921746335089, 0.492542998486, 
1.76036571093, 1.44272286337, 1.43409681287, 0.900457621663, 1.60483109914, 0.794104488948, 2.4674216225, 1.45879384628, 1.04428707188, 0.14127053661, 1.27144711881, 0.352475375405, 3.09279857721, 0.461153241611, 0.288810981932, 0.501276197004, 3.59617301219, 1.89656532138, 0.956438942353, 0.475133764199, 
1.81033321368, 1.4337271003, 1.38804570505, 0.850635745431, 1.55630201209, 0.773483225338, 2.47017313654, 1.44162353567, 1.07603760033, 0.139320786485, 1.29830477161, 0.302483457453, 3.08159534577, 0.428051742964, 0.27730693521, 0.502106662562, 3.58524415993, 1.84844510192, 1.00036821469, 0.446376675695, 
1.85826623278, 1.44076301037, 1.34359714085, 0.800767938073, 1.51518447724, 0.769684447154, 2.47114154679, 1.42843146526, 1.09451571683, 0.14734206268, 1.32319560819, 0.252964908141, 3.06219254625, 0.387043549623, 0.249854454643, 0.508879801959, 3.56351035739, 1.80193084108, 1.04103370568, 0.433343394941, 
1.90617942671, 1.44809305964, 1.29399752552, 0.752736687068, 1.46699541895, 0.783166343107, 2.48524270033, 1.43423205613, 1.11344773297, 0.147252631756, 1.36141674363, 0.208101432851, 3.02819897829, 0.347634329504, 0.209764714542, 0.518463378187, 3.53077459322, 1.76449501631, 1.07158708255, 0.437605927947, 
1.94631417689, 1.47189729577, 1.2445464085, 0.705548735782, 1.42670321706, 0.812302797574, 2.5149002869, 1.43361516535, 1.12747738179, 0.145878671294, 1.38630758021, 0.168820498831, 2.9966368853, 0.304715598979, 0.175154939469, 0.510685054409, 3.49105311452, 1.72733586462, 1.09117225507, 0.439182736988, 
1.97970961798, 1.48527554953, 1.20044291018, 0.655552390228, 1.39787026103, 0.825784693527, 2.52900144043, 1.45171316291, 1.12642107673, 0.156243694839, 1.3991182112, 0.13615389, 2.96074323989, 0.261588643524, 0.138809654515, 0.48755442191, 3.45816595697, 1.68097560241, 1.11560045583, 0.455285844467, 
2.00226448522, 1.48789232571, 1.15094257862, 0.605734227935, 1.36546034152, 0.853093466886, 2.55204643196, 1.47513389045, 1.12493745326, 0.162359414559, 1.40914757262, 0.118404001746, 2.92752242963, 0.223123416049, 0.10980204555, 0.480979814854, 3.43079710565, 1.63630047383, 1.14273725742, 0.4542279754, 
2.0131018352, 1.49328326156, 1.1019045052, 0.55778421655, 1.34098027314, 0.877714656636, 2.57223298851, 1.50707755416, 1.1084767566, 0.170820607297, 1.43120785339, 0.0996740522142, 2.88925782085, 0.193170269403, 0.0847964607736, 0.491754227883, 3.39805779622, 1.59281694392, 1.1796458126, 0.470331082879, 
2.01659465904, 1.51535040226, 1.05196068646, 0.507879428642, 1.30402062252, 0.91573496368, 2.57555681695, 1.53286275364, 1.08249174526, 0.16191715737, 1.45777282467, 0.0786895162109, 2.8459770318, 0.153471967992, 0.0693404897466, 0.518578107772, 3.38080151761, 1.5489217568, 1.20279193864, 0.501652894485, 
2.00708484423, 1.55122338623, 1.00205831817, 0.461136899344, 1.27231777493, 0.949428989885, 2.59325449367, 1.57248516321, 1.04532540538, 0.161476076644, 1.48136907035, 0.0546179541176, 2.80910933679, 0.108108065312, 0.0623386180283, 0.543981959433, 3.381352449, 1.51586237097, 1.21432642697, 0.530950509232, 
1.98135969465, 1.58983943049, 0.954097274112, 0.411141724292, 1.25735963396, 0.968456103825, 2.62587880931, 1.60268675298, 1.00419863689, 0.159410135896, 1.50706140454, 0.0170093280522, 2.76776184432, 0.0582884327687, 0.069970712298, 0.574423938618, 3.36545167288, 1.47992735631, 1.21978836867, 0.544623536584, 
1.95799281998, 1.62155620363, 0.911371730649, 0.36136084497, 1.23287182773, 0.994113013912, 2.64357648604, 1.62517213275, 0.966999748443, 0.143734454062, 1.51653365457, 0.0296002066376, 2.71995502236, 0.0100220533061, 0.0602419248121, 0.602019188408, 3.33480435966, 1.4374950432, 1.20792224826, 0.566281671407, 
1.92091649907, 1.653841233, 0.875590364069, 0.31276036166, 1.22404015827, 1.03290052001, 2.64421292285, 1.65359296268, 0.922257932936, 0.112765293892, 1.5125926574, 0.076702087248, 2.67310842709, 0.0308694353768, 0.0467711835546, 0.640154943083, 3.29276137423, 1.39421830398, 1.19665042157, 0.588558899531, 
1.88578243436, 1.69574837446, 0.838959040131, 0.263130893119, 1.21949827947, 1.07780234444, 2.64892935276, 1.66971537072, 0.877711232894, 0.070237993158, 1.49732606653, 0.115225864426, 2.62313158999, 0.0594539162507, 0.0505815115186, 0.67181277338, 3.24406310503, 1.35178232017, 1.19627824451, 0.613403256391, 
1.84616146426, 1.72580044766, 0.811426846506, 0.218572508007, 1.2082626224, 1.12751934928, 2.64661210741, 1.67013677767, 0.82819427897, 0.0274980795875, 1.48459229185, 0.157785523289, 2.57322070472, 0.0744412785296, 0.0371107702611, 0.688324817793, 3.20234308638, 1.31079436609, 1.17882797907, 0.621908801725, 
1.79849871628, 1.74037272904, 0.799829946737, 0.168943039466, 1.21033108012, 1.17605493, 2.63496677852, 1.68897455642, 0.784488075312, 0.00400571969044, 1.45608932939, 0.204645843646, 2.5234421103, 0.104839472076, 0.0118032570735, 0.691968863698, 3.17299283739, 1.26917248524, 1.16460366546, 0.646610244634, 
1.74917439602, 1.73770758641, 0.805567098088, 0.120228533856, 1.22682839424, 1.22590556528, 2.60739303458, 1.71914676273, 0.746227253407, 0.0232811845727, 1.42235875334, 0.25464454834, 2.47451704348, 0.119826834355, 0.00277065708544, 0.678337617145, 3.13384446458, 1.23953670004, 1.14300616029, 0.654953614436, 
1.70002281365, 1.72052593214, 0.798193017047, 0.0731187868715, 1.22817073104, 1.27531061921, 2.57026075485, 1.75317416989, 0.714642966641, 0.0571733635654, 1.38718542828, 0.301751055682, 2.43206943913, 0.133318497742, 0.0181971674151, 0.649075207644, 3.1039036049, 1.20841192211, 1.12028101502, 0.645932577598, 
1.65305795328, 1.68832083436, 0.79779749273, 0.0235369387793, 1.24832223127, 1.32176255174, 2.53856072585, 1.78040420761, 0.67294151778, 0.0828965823423, 1.34966354023, 0.342993275037, 2.38574772259, 0.14598093825, 0.0307187781941, 0.609173475389, 3.09014492516, 1.16578055075, 1.08369372271, 0.620635204298, 
1.61149792459, 1.64497670316, 0.797674969111, 0.0208477250486, 1.26591099723, 1.35958570599, 2.50386541822, 1.81639050652, 0.624693164714, 0.104104627083, 1.32570725777, 0.37208006173, 2.33630748887, 0.148182167674, 0.0268704743175, 0.561372847242, 3.09444572751, 1.13465577282, 1.04323362643, 0.599045058622, 
1.56593705751, 1.61277160539, 0.814660790393, 0.0546817591068, 1.29968268027, 1.38437470838, 2.46568548928, 1.84838377845, 0.580044205665, 0.114684719878, 1.31095658052, 0.396317337283, 2.29071765981, 0.142234686933, 0.0156933736205, 0.51143878442, 3.09527060833, 1.11879169588, 1.000153091, 0.57513723365, 
1.53016819487, 1.57688669065, 0.837563478586, 0.0784813703342, 1.34386003974, 1.39790363003, 2.44085006276, 1.86638457953, 0.53175390562, 0.119267266725, 1.30352486659, 0.404135440735, 2.24260343436, 0.119666288166, 0.00725087445969, 0.463638156273, 3.07969393088, 1.08766691794, 0.968350582624, 0.545481046881, 
1.50758070753, 1.55338886514, 0.874286469756, 0.110080857087, 1.37852341087, 1.41808980528, 2.41181669217, 1.88595400137, 0.483300064755, 0.120730176125, 1.30823136076, 0.395353238486, 2.19273860694, 0.0905261945952, 0.0175379465395, 0.413704093451, 3.04936705733, 1.05911349627, 0.925270047203, 0.507845431189, 
1.47109883944, 1.52267113425, 0.897189157949, 0.126521778523, 1.40010928517, 1.42141321787, 2.38870338608, 1.88987562746, 0.43351225738, 0.135198317594, 1.32518307721, 0.370265517347, 2.14328838173, 0.0611597244043, 0.0259804457003, 0.363869330681, 3.0298599752, 1.01824379782, 0.877575954915, 0.461221079919, 
1.42535893567, 1.48302627191, 0.929671195221, 0.153840527255, 1.40707276419, 1.42449226101, 2.36455807518, 1.89589158671, 0.385289601277, 0.132424506002, 1.35720066304, 0.333392654767, 2.09427104067, 0.0310037141983, 0.019533236965, 0.315650830199, 3.0280480922, 0.969987311396, 0.836855592791, 0.411672510741, 
1.37855270472, 1.45619287771, 0.959131693599, 0.165188964714, 1.39851436572, 1.410317064, 2.3455413334, 1.91961458726, 0.335293879091, 0.115450596952, 1.40042232484, 0.287193583465, 2.04515223924, 0.0109742897572, 0.00614078794127, 0.265816067428, 3.01449489517, 0.929117612945, 0.795531319496, 0.364120746449, 
1.33555970486, 1.42867039195, 0.997608977162, 0.167513312613, 1.38148364306, 1.38059736482, 2.31328732364, 1.93042732654, 0.288798629237, 0.0929518475068, 1.44011989207, 0.240917719816, 1.99539451259, 0.0597111206558, 0.0226023418636, 0.220375850242, 2.99806697405, 0.893554873581, 0.757178944819, 0.317894363861, 
1.29759401469, 1.38853062606, 1.02769723288, 0.15366038027, 1.36854410899, 1.3614352303, 2.26991133473, 1.92516015423, 0.242396445291, 0.0593042257263, 1.48250075054, 0.19104062777, 1.9503189701, 0.109541385148, 0.0504203964593, 0.176932244217, 2.97619040018, 0.870405817251, 0.732111342059, 0.280973223107, 
1.26984810295, 1.3610081403, 1.04231283007, 0.124211327768, 1.34123281733, 1.35922401952, 2.22247704383, 1.90432284093, 0.192547794012, 0.021542505294, 1.52079148234, 0.142963579045, 1.91453552302, 0.158970626423, 0.0623508953695, 0.127750481335, 2.94401057161, 0.840334392343, 0.720221126102, 0.243690273511, 
1.23184315378, 1.32086837441, 1.05579146961, 0.109772153004, 1.30934093631, 1.37423043714, 2.17263649648, 1.88233391686, 0.145489537246, 0.0251508418871, 1.56644047398, 0.0950272455427, 1.88073667751, 0.208604512418, 0.0598318645004, 0.0846158515448, 2.92754325307, 0.801154175957, 0.725658409906, 0.197260885301, 
1.18501782409, 1.27383121806, 1.06824772725, 0.10880344881, 1.27018646128, 1.39757891648, 2.12659827475, 1.85825031707, 0.106591323354, 0.0629125623194, 1.60690447908, 0.0471307541843, 1.85366047305, 0.257829045323, 0.0505294551261, 0.0493734952384, 2.92796980136, 0.75564821331, 0.747767376799, 0.157892778668, 
1.1355628578, 1.23543004273, 1.07768329811, 0.103617965689, 1.2452882006, 1.41401753826, 2.09000792583, 1.82789475448, 0.0836715987999, 0.0902293338234, 1.63488268208, 0.0020044223735, 1.84023523208, 0.302793195531, 0.0320387211627, 0.00790534036242, 2.94624019682, 0.709943131207, 0.783881359079, 0.131441472483, 
1.09108829109, 1.1907130722, 1.0764549269, 0.0820561053521, 1.2200575615, 1.41331444181, 2.06407910378, 1.78644295656, 0.102410466948, 0.115155196685, 1.67312060502, 0.041815712288, 1.81748017791, 0.351533409561, 5.99406913413e-05, 0.0324951847202, 2.94985262155, 0.662999579632, 0.829644477498, 0.121097384651, 
1.04804592418, 1.15455380377, 1.05820478988, 0.060922528339, 1.21298383, 1.39555443094, 2.02509208513, 1.75784016993, 0.136878065727, 0.123753328838, 1.70286358794, 0.0907188450943, 1.7975111365, 0.401148812297, 0.0201698176113, 0.0603838924185, 2.94102076376, 0.624572473115, 0.879170409427, 0.128108164827, 
1.01470038146, 1.11439109663, 1.05287345218, 0.0255651109011, 1.19114482149, 1.36287962507, 1.99399189739, 1.72109329917, 0.184907048389, 0.118171634937, 1.72993226179, 0.137957293387, 1.77457536242, 0.450985378402, 0.0413292599023, 0.100784417501, 2.94468811992, 0.588901946002, 0.926492146627, 0.136395396449, 
0.970623219087, 1.07921941784, 1.03086011714, 0.0130432219744, 1.15644361153, 1.32042687945, 1.9658216697, 1.67527336648, 0.2310493358, 0.125051277153, 1.7697467178, 0.176742280315, 1.74340771465, 0.500633557387, 0.0742642380014, 0.136513936864, 2.95366905426, 0.54752430838, 0.976481866083, 0.143792055211, 
0.937277676366, 1.04065459724, 0.994819917863, 0.0597332846018, 1.11582439717, 1.2827003624, 1.92522178468, 1.63180646246, 0.280448203908, 0.114577668847, 1.81587154725, 0.218795127734, 1.7059200496, 0.549894810892, 0.0923460923729, 0.182051594483, 2.97382013884, 0.506299580921, 1.02647206332, 0.167655491788, 
0.898082297626, 1.01592184743, 0.966916779725, 0.100137509695, 1.08896066834, 1.2417462603, 1.89705155699, 1.59485319942, 0.330188245566, 0.0909899838958, 1.86045615946, 0.265241516826, 1.65937713247, 0.595246020318, 0.0933938845197, 0.231473846983, 2.97790722257, 0.477237953867, 1.07310886894, 0.185981367123, 
0.864006723687, 1.00562490591, 0.93999858754, 0.128031430027, 1.05944512951, 1.20350968411, 1.87044905252, 1.55358833278, 0.37867015525, 0.075050530539, 1.89461135341, 0.313723323404, 1.60960790606, 0.635637679978, 0.0858650129147, 0.281373989926, 2.99655652157, 0.441242689394, 1.11832721239, 0.187291089117, 
0.831563792594, 1.00111652925, 0.900292528334, 0.161635428843, 1.03607248466, 1.15656003792, 1.84321603742, 1.50555255291, 0.426305983761, 0.0590544663001, 1.93919596561, 0.355099230579, 1.5597215813, 0.663769385468, 0.0618841626113, 0.327184536412, 3.02543578023, 0.406684792773, 1.16811651112, 0.184867611363, 
0.789659017818, 1.00849543151, 0.859600814516, 0.194293361572, 1.0314754149, 1.10656014196, 1.8166526696, 1.45704071233, 0.468707292281, 0.0370887824927, 1.97335115956, 0.395194074629, 1.51161825285, 0.680754199551, 0.0305798966658, 0.368432667051, 3.05515642375, 0.373714282525, 1.21376724585, 0.165509379525, 
0.740952408098, 1.0018158472, 0.816630978332, 0.232591316557, 1.02444238692, 1.05954072162, 1.78443192197, 1.40957201316, 0.514654677421, 0.0241206405478, 2.00549865037, 0.442692255278, 1.46166124075, 0.689170542414, 0.000468983967762, 0.416858503153, 3.08534119157, 0.355588389527, 1.26212093742, 0.134229072918, 
0.691318699399, 1.0003886864, 0.784996445546, 0.279573676847, 1.03182880799, 1.02117301291, 1.76614250516, 1.36608102876, 0.564575381309, 0.0284503831558, 2.04744595184, 0.489754358041, 1.41542598091, 0.706124991319, 0.0283387615427, 0.466825014786, 3.10615145731, 0.329717125783, 1.30870036028, 0.118176363439, 
0.642612089679, 1.00834502975, 0.747843233431, 0.328258632178, 1.02901672675, 0.99608472775, 1.73304020082, 1.32291886565, 0.614026390768, 0.048569804599, 2.07755690327, 0.537351865467, 1.36546896881, 0.734460140275, 0.0687258469865, 0.515511593336, 3.1226947422, 0.307405307793, 1.3462542325, 0.0869881549142, 
0.597977047847, 1.01211743372, 0.706337024112, 0.377903780796, 1.01148529075, 0.983408023878, 1.70259542087, 1.29193979507, 0.663765255785, 0.0518204339517, 2.10648236449, 0.586957294281, 1.31923370897, 0.774080424314, 0.103127777777, 0.565481517294, 3.13989000575, 0.28690863304, 1.37810385435, 0.0710471882155, 
0.555953650634, 1.00097470473, 0.662602392786, 0.427692937466, 0.981717227589, 0.973089739285, 1.67975647076, 1.25394236542, 0.708759013994, 0.0483278256059, 2.14597504895, 0.631426996192, 1.2822968561, 0.82022525914, 0.134149100493, 0.615342489927, 3.1407831013, 0.283246151266, 1.40538071685, 0.0569351905939, 
0.520018543551, 0.983695808456, 0.622674970724, 0.476048261223, 0.96965989093, 0.949115156334, 1.64308216039, 1.23069517724, 0.758497879012, 0.0306403684543, 2.1909641754, 0.681032425006, 1.24072972846, 0.868454798396, 0.165312252252, 0.664942103247, 3.15410393532, 0.279612326346, 1.43446021625, 0.0600799964997, 
0.492923215829, 0.965788831171, 0.58264423875, 0.524231428814, 0.970852322516, 0.917509482147, 1.59699595285, 1.2248430619, 0.808242752431, 0.0300148572742, 2.22770732508, 0.727234470334, 1.19216534372, 0.916365503294, 0.181222838583, 0.713710327619, 3.17903723558, 0.287497666122, 1.45533847008, 0.0498788008987, 
0.481834285334, 0.961788818711, 0.543110674453, 0.572138965605, 0.984179182277, 0.874558706308, 1.55959704984, 1.23825732501, 0.854826998603, 0.0221468881983, 2.27383276129, 0.764112585658, 1.14216580123, 0.956495061969, 0.179961807958, 0.761794794145, 3.21726813028, 0.293457739066, 1.45941883194, 0.0563141046209, 
0.465952505341, 0.977490884233, 0.513179723737, 0.61226191901, 1.014965057, 0.825443326269, 1.51508296027, 1.26484502553, 0.902015452581, 0.00209990973039, 2.31057591098, 0.810314630985, 1.09250179798, 1.00129433118, 0.17400029719, 0.811446297537, 3.26170163172, 0.316037454125, 1.46637262917, 0.0465574441251, 
0.442175247539, 0.978507310778, 0.491516210157, 0.655456067318, 1.05314433019, 0.775451325385, 1.47265444711, 1.29926459449, 0.950185394372, 0.0363640306478, 2.34566472659, 0.853459816151, 1.04781209468, 1.04746203828, 0.15672319491, 0.85679603839, 3.29594667516, 0.344833847947, 1.46673894278, 0.03945730546, 
0.432734397939, 0.970289121308, 0.46045220472, 0.687431639228, 1.07950425784, 0.728780094029, 1.43508177084, 1.34150191538, 0.990866029282, 0.0649307566006, 2.38751789079, 0.885360719997, 1.00492384313, 1.09738031759, 0.124752752227, 0.894027381186, 3.3162371729, 0.357913524676, 1.47605223972, 0.0228757468817, 
0.408871741977, 0.962535589235, 0.444661741566, 0.730625787536, 1.11337452731, 0.691058871498, 1.38849199866, 1.37876148241, 1.01915067236, 0.0999884252734, 2.42900600017, 0.928505905162, 0.96483919678, 1.14526548393, 0.107858761611, 0.91759880242, 3.32242714094, 0.369651523662, 1.46800214745, 0.00679275537063, 
0.377420500396, 0.947721754394, 0.430601689055, 0.76749763417, 1.15837159481, 0.644387640143, 1.33850454469, 1.40358812994, 1.05986277241, 0.134790680019, 2.45844770567, 0.97181612591, 0.917282652921, 1.18683935781, 0.0915734412906, 0.949203511927, 3.3381064999, 0.375768148934, 1.46686950833, 0.0315021614383, 
0.338650291637, 0.945608191587, 0.425379392158, 0.813665862515, 1.2078273866, 0.604357519106, 1.28853580979, 1.44260664702, 1.08923663341, 0.16035160821, 2.47229190307, 1.00396922164, 0.868739452662, 1.23425952472, 0.0747541101445, 0.968597991302, 3.33733210048, 0.385394950014, 1.4582309264, 0.0695882539186, 
0.294964821074, 0.933997251486, 0.411007380177, 0.85048431361, 1.25682684707, 0.568215512928, 1.24218522177, 1.48492158836, 1.11040436777, 0.188595019036, 2.46886877786, 1.04340660682, 0.827221699439, 1.2835481789, 0.0543310660576, 1.00042266093, 3.33329010452, 0.406584787785, 1.44907633291, 0.116457287967, 
0.249393940156, 0.915520008607, 0.390778913208, 0.873512138871, 1.30052832993, 0.539270672622, 1.19225573317, 1.51803438891, 1.12564649189, 0.217002716298, 2.45981400844, 1.07912570803, 0.778678499181, 1.3335012497, 0.0237346771316, 1.0333267647, 3.33565398353, 0.411007359673, 1.42566707829, 0.161043181014, 
0.212048524142, 0.90219569919, 0.372240373786, 0.889145881282, 1.34999562579, 0.517598180218, 1.14624524062, 1.56138613042, 1.15774158345, 0.242063345166, 2.43448705727, 1.12465721457, 0.729498491713, 1.38339261105, 0.00287976884712, 1.06819671989, 3.34738381623, 0.403872683571, 1.4187805446, 0.20447987246, 
0.165584390312, 0.889400697635, 0.341388712129, 0.91038440655, 1.39927487469, 0.485459990233, 1.09674866626, 1.59436142164, 1.2016718309, 0.264070876624, 2.40595737488, 1.17006993649, 0.680757564169, 1.43140185397, 0.0282173929185, 1.08891307898, 3.35077952999, 0.414094292302, 1.4227834558, 0.236827236896, 
0.122796825889, 0.890338764124, 0.306698114797, 0.921880769927, 1.44847630734, 0.45726553013, 1.04772158917, 1.63632966726, 1.24125575552, 0.269395787598, 2.38718928887, 1.2055885618, 0.637157775211, 1.48129321531, 0.0510069281342, 1.11377226547, 3.34193446168, 0.427245013386, 1.42604891666, 0.254183704775, 
0.0785973001938, 0.907199069681, 0.277644418289, 0.916040983935, 1.49846901659, 0.44489427851, 0.997767786299, 1.68389948343, 1.26948582219, 0.268838115216, 2.37968445018, 1.24856529182, 0.604558547287, 1.52930245823, 0.0572007023656, 1.12229465136, 3.34268041761, 0.450847725784, 1.42782774081, 0.254455829917, 
0.0393632386702, 0.934686138702, 0.26426054205, 0.927537347311, 1.54747976389, 0.434726516395, 0.950091614616, 1.73139767, 1.30183033899, 0.264207487115, 2.35572493349, 1.28021026688, 0.586891828399, 1.56963895949, 0.057635891854, 1.14105903174, 3.36115233846, 0.475930384019, 1.41594116366, 0.255235808265, 
0.0108103793647, 0.960823805632, 0.235206845542, 0.936329668558, 1.59044499398, 0.421229018775, 0.905419586686, 1.77640266878, 1.33306552331, 0.245732911015, 2.3375594801, 1.31838534794, 0.554292600475, 1.59743754172, 0.0729453359889, 1.14284071405, 3.39486198584, 0.491791449322, 1.41261789605, 0.238869821858, 
0.0265956330027, 0.973120845625, 0.219981036347, 0.927757215317, 1.63437992543, 0.425011641105, 0.86466842904, 1.82400914926, 1.36909227061, 0.226009827759, 2.31278938521, 1.35010660177, 0.52442023007, 1.60934528566, 0.0825389414798, 1.13595910059, 3.4251155224, 0.506094919387, 1.41831597188, 0.239649800206, 
0.0674258928821, 0.970626151829, 0.189384623997, 0.908309975827, 1.68043761189, 0.436218665837, 0.816466057846, 1.864368682, 1.4151957594, 0.200928048302, 2.27876678179, 1.39285867483, 0.485105517838, 1.62903222332, 0.0747707123842, 1.1272976588, 3.44053732421, 0.535922121939, 1.40668081477, 0.257481666409, 
0.0982742097406, 0.969241283427, 0.147107987376, 0.896501151637, 1.71759291672, 0.463415727822, 0.7757149002, 1.8958553789, 1.46206632519, 0.168578782234, 2.24288390737, 1.42647407472, 0.447884450946, 1.63285213201, 0.0843643178752, 1.11449778831, 3.44479825789, 0.577538901928, 1.4123788906, 0.290214634232, 
0.140720459249, 0.969465826445, 0.116511575026, 0.885912635799, 1.74462718027, 0.474622752555, 0.727512529006, 1.92865583369, 1.51112206332, 0.147293336616, 2.20070246959, 1.46089275148, 0.41283746881, 1.6219110447, 0.1004977697, 1.11900100277, 3.44833777096, 0.618899048568, 1.40490183995, 0.314470001429, 
0.183925240954, 0.987003544155, 0.0742349384055, 0.860629241227, 1.77553850762, 0.471942042061, 0.677672861621, 1.96902515401, 1.55564812061, 0.131584597485, 2.15357775281, 1.50564005268, 0.371170805615, 1.62478472217, 0.115818176323, 1.14026414804, 3.4356880392, 0.655608562159, 1.38096699534, 0.35221664555, 
0.233131865456, 1.00888839999, 0.0280748813973, 0.836331161421, 1.79229624813, 0.471038484622, 0.627678236786, 2.00847582326, 1.59722160702, 0.103595771907, 2.11501053912, 1.54551573969, 0.323478054799, 1.61903812222, 0.114010846857, 1.1659045887, 3.4079855931, 0.678493598892, 1.35609126583, 0.392089149877, 
0.277477327527, 1.01640131063, 0.0218735935068, 0.828444376176, 1.82318400041, 0.484773447131, 0.57807764973, 2.05297257765, 1.64367683289, 0.0631242384785, 2.06788582234, 1.5726695775, 0.277154911632, 1.61761091798, 0.122877890374, 1.19311523322, 3.37713021469, 0.702605655607, 1.33938862565, 0.439875537775, 
0.325409733648, 1.02472739268, 0.0705282409283, 0.80414629637, 1.86461842309, 0.481236955238, 0.528330424013, 2.10262767828, 1.69366276381, 0.0154797963166, 2.01856282914, 1.60806297558, 0.227696851591, 1.59917574559, 0.146120566257, 1.2223378431, 3.3349400751, 0.721515425223, 1.33981190682, 0.479748042102, 
0.370499763224, 1.01807538666, 0.120371590248, 0.772789681166, 1.89471449614, 0.494971917747, 0.482007208262, 2.1474316959, 1.74301342369, 0.0343995300037, 1.97501899042, 1.64413936831, 0.177760168611, 1.58248951684, 0.167552095568, 1.26367435242, 3.29174330321, 0.725589102535, 1.32310926664, 0.50689745038, 
0.419464142808, 1.031101625, 0.166441860675, 0.730003908714, 1.91043892349, 0.51769998313, 0.432094256442, 2.19008996459, 1.79229903513, 0.0809685354864, 1.92571925933, 1.66840567602, 0.127760174315, 1.55890088153, 0.18766118579, 1.31213896811, 3.2536621364, 0.7123729521, 1.29314608959, 0.537881326299, 
0.467399667943, 1.04505189057, 0.213950014763, 0.689516085531, 1.94232245048, 0.549579654952, 0.38209432778, 2.23101327266, 1.83595610677, 0.123875761808, 1.8810480993, 1.69573407515, 0.0778541278127, 1.53149994048, 0.225027559364, 1.35347547743, 3.21983265532, 0.714713291292, 1.26552788697, 0.579704950823, 
0.517307577379, 1.05673215662, 0.263940540709, 0.653134094969, 1.96338576479, 0.577944251359, 0.332106795837, 2.26984401606, 1.87898632888, 0.164234231977, 1.84489654413, 1.73360007835, 0.0291446509266, 1.51003810693, 0.272585366871, 1.40194009312, 3.17672740763, 0.69983022695, 1.24058615163, 0.609634797753, 
0.563168240674, 1.06719063703, 0.310583380357, 0.630676803606, 1.98679540981, 0.590515287133, 0.285515758382, 2.31727392227, 1.9155408007, 0.204525082715, 1.79911155409, 1.78035019036, 0.0208164951868, 1.47442508658, 0.32249639841, 1.44891867396, 3.13251872026, 0.669518876286, 1.20232719296, 0.624060885831, 
0.6095397455, 1.09251697982, 0.355512702822, 0.620425589301, 1.99484706135, 0.58577650983, 0.238491496145, 2.36309484628, 1.95239098436, 0.249341063489, 1.74921547467, 1.82561279117, 0.0689365614908, 1.45296325304, 0.372347396894, 1.48843756189, 3.08965636997, 0.627435235537, 1.155365606, 0.6256400642, 
0.653672225224, 1.10949352719, 0.403099219347, 0.621213256397, 2.02029344412, 0.568401165262, 0.188658437395, 2.4029934845, 1.97633869807, 0.29271426344, 1.7010965737, 1.86087993229, 0.115596848714, 1.41735023269, 0.420532073956, 1.5339556456, 3.04707542429, 0.578677263188, 1.10536565123, 0.615297454656, 
0.687228561269, 1.13183790387, 0.453064823315, 0.60485453628, 2.04342860435, 0.538406428991, 0.143226953985, 2.45092616213, 1.99710431924, 0.333620120631, 1.65659099497, 1.89786616481, 0.163481669789, 1.38002570016, 0.462583909004, 1.58234897161, 3.01281426622, 0.529071813681, 1.05604426112, 0.612014478573, 
0.706083496664, 1.1395994594, 0.503043170423, 0.581928170533, 2.07311757397, 0.523902752429, 0.0966582507734, 2.50082765404, 2.0328840485, 0.372894407875, 1.60697577232, 1.93351702383, 0.210208356992, 1.33357317226, 0.495553528007, 1.63212411932, 2.99370604768, 0.480128620091, 1.00910670922, 0.594580372762, 
0.70796284793, 1.14855404629, 0.550510679866, 0.575581762247, 2.08827007693, 0.499470235632, 0.0534478067267, 2.55082441253, 2.07366365352, 0.404559336778, 1.56196800312, 1.95852541946, 0.254343822892, 1.29624863973, 0.528193884706, 1.67769945715, 2.96046542362, 0.432910269465, 0.970892778844, 0.567466593375, 
0.692639937569, 1.14227471711, 0.600489026975, 0.579005480162, 2.09489287596, 0.461590898071, 0.00615367974071, 2.59805170526, 2.11690179085, 0.447549235531, 1.51713474244, 1.96721737589, 0.301712865099, 1.24979611182, 0.549538041259, 1.7214244052, 2.94266547278, 0.394163944211, 0.946011633974, 0.545900360854, 
0.68175281199, 1.15335423266, 0.650481376212, 0.579820598128, 2.11653894485, 0.426040665055, 0.0437359521379, 2.64108960001, 2.15332423957, 0.485541829929, 1.47929851897, 1.9842103059, 0.340751024509, 1.19981844896, 0.570998214693, 1.75421795939, 2.93955440092, 0.36856302299, 0.935724259311, 0.541063205049, 
0.655703113889, 1.16553122421, 0.697757966797, 0.587833051951, 2.1225770458, 0.388286405884, 0.0931901580977, 2.67329086263, 2.19213434573, 0.526114133644, 1.44655880029, 1.9920889994, 0.388120066716, 1.15234369489, 0.595843909804, 1.7721247331, 2.95449255738, 0.35919535473, 0.94279242232, 0.553538558339, 
0.62015591952, 1.18882767913, 0.741473854623, 0.612242299859, 2.11241035593, 0.344220336129, 0.13945108334, 2.71113887501, 2.23674917379, 0.564128376604, 1.40815873059, 1.98650476268, 0.427188499106, 1.10236603204, 0.620269924897, 1.79240166233, 2.98327758789, 0.336244201232, 0.943853334122, 0.548701402534, 
0.590006175978, 1.2020767444, 0.785069674085, 0.624523151079, 2.12074802493, 0.299098976293, 0.189410849547, 2.74041571813, 2.27341268382, 0.59840796506, 1.3830267772, 1.9982513146, 0.471605610487, 1.05243203495, 0.639605708414, 1.79582408993, 2.99783474456, 0.329870122785, 0.961947422295, 0.548204204604, 
0.561850182725, 1.20007829612, 0.817662753913, 0.642232877186, 2.13352291187, 0.25556768005, 0.23939587281, 2.75483857514, 2.31814174511, 0.618170943933, 1.3601261666, 2.02591184764, 0.509575385949, 1.00344215476, 0.660728456407, 1.78590711131, 3.01204202992, 0.34084192732, 0.967912543495, 0.556383838681, 
0.547425788616, 1.20215410511, 0.838445167165, 0.642882196974, 2.15806548728, 0.223074407872, 0.287895874444, 2.75685042726, 2.35785680198, 0.6210336063, 1.35380850201, 2.03765839955, 0.549049464894, 0.953563054015, 0.682706083243, 1.79334946738, 3.03884148248, 0.342758004016, 0.990496794983, 0.557314371164, 
0.53443648124, 1.18897993632, 0.84242044653, 0.634186552152, 2.17338142969, 0.185154014863, 0.331087196043, 2.74652857648, 2.39388364626, 0.640796585173, 1.3309078914, 2.0589492364, 0.582315879347, 0.905503526681, 0.719066339408, 1.79766948501, 3.05770936464, 0.327470081351, 0.996461916183, 0.559658782311, 
0.528937367518, 1.1616728526, 0.84225698029, 0.630226293248, 2.17261795413, 0.159774203418, 0.363058453786, 2.73300685762, 2.43079603567, 0.64365924754, 1.2991407384, 2.07479548105, 0.623637347975, 0.858284368409, 0.765666274451, 1.79516628433, 3.06038915243, 0.329386158047, 1.01904616767, 0.576418577397, 
0.538139690949, 1.13818475504, 0.838033462662, 0.625339696765, 2.1558507977, 0.14606345715, 0.406249775386, 2.72344033012, 2.47175843693, 0.629276314071, 1.27559190461, 2.09008781382, 0.672095385042, 0.811215203156, 0.808076292677, 1.79607026163, 3.05503170379, 0.317092957075, 1.04012917576, 0.600218952519, 
0.529978166415, 1.11141537575, 0.848224622273, 0.637766938928, 2.12476169282, 0.149625068818, 0.452303050538, 2.69839622157, 2.50101471239, 0.615519114119, 1.24245937593, 2.08873094468, 0.722019781767, 0.765804162121, 0.852224459084, 1.79435209067, 3.06777689137, 0.289725135204, 1.04443431725, 0.607544658806, 
0.539180489846, 1.0794482414, 0.841059161805, 0.653908035645, 2.09885359294, 0.164793823562, 0.497217717701, 2.66728076828, 2.54275312569, 0.594626095128, 1.19851754794, 2.09388676291, 0.770268519579, 0.716052397607, 0.894203033539, 1.77564663073, 3.09688205488, 0.257647424397, 1.06157274097, 0.631345033928, 
0.531018965313, 1.03882460423, 0.81740134154, 0.683461859988, 2.06044604297, 0.195342847933, 0.531909580483, 2.62498119737, 2.57308700637, 0.567975070837, 1.14906645359, 2.10165544956, 0.819074872279, 0.666091044388, 0.925808671186, 1.75109033331, 3.11101482945, 0.214386435127, 1.08110150314, 0.654135175415, 
0.514621285103, 1.00554333257, 0.793264409036, 0.697439432961, 2.01870315155, 0.233663804247, 0.568664791814, 2.57619133743, 2.59066132166, 0.557400502071, 1.10512462559, 2.11357379647, 0.868652185808, 0.617270900901, 0.955269567466, 1.72087846965, 3.12731675464, 0.167151288514, 1.09835690212, 0.666599208158, 
0.483057290046, 0.988996278226, 0.779190962235, 0.694154852977, 1.97017988461, 0.258689049233, 0.609850753801, 2.53370776918, 2.59210047525, 0.545299020947, 1.0598478886, 2.1096132648, 0.913020704472, 0.567701889716, 0.989756097996, 1.67886244584, 3.15933095926, 0.117950827023, 1.13062204559, 0.681100020931, 
0.44013406378, 0.963785156082, 0.749556628861, 0.674004288857, 1.92079355648, 0.267400169012, 0.638856663278, 2.48739243958, 2.58594042388, 0.531504166093, 1.01966823392, 2.0888443083, 0.955557927512, 0.523362765142, 1.01164344004, 1.63829741697, 3.18046433746, 0.0680849798704, 1.15660615747, 0.696660109474, 
0.39724879253, 0.957234284342, 0.735483182061, 0.652393462031, 1.87435122647, 0.289183866929, 0.677011352146, 2.44888702067, 2.56399935871, 0.525381119659, 0.981287510831, 2.06440744483, 0.987618221549, 0.476266831079, 1.04780153994, 1.59170297091, 3.20653307922, 0.0180926628509, 1.18618712615, 0.700663035348, 
0.355571689159, 0.959167019407, 0.706013891162, 0.623504713252, 1.82438332742, 0.3245523392, 0.701812859867, 2.40592331636, 2.53833089073, 0.530531556322, 0.952357245671, 2.05657589721, 1.01364364696, 0.432327720904, 1.09059767441, 1.54486855517, 3.21857974499, 0.0318888017377, 1.22325430612, 0.687378439492, 
0.306960468807, 0.950949931563, 0.664506738377, 0.583914435032, 1.77439721289, 0.369875576242, 0.713350187962, 2.36719278498, 2.5000053037, 0.532835466526, 0.913011474102, 2.03324354336, 1.05270135299, 0.391982669556, 1.12643684651, 1.49585161357, 3.24244922018, 0.0793216147318, 1.25034187685, 0.658408640227, 
0.257794024212, 0.92854521301, 0.619468726324, 0.545928116214, 1.72697400577, 0.415150062008, 0.710113558874, 2.34229681008, 2.46394750264, 0.51791759086, 0.874220775689, 1.99684873513, 1.0787267784, 0.350014256032, 1.1520527294, 1.44585182364, 3.25464089374, 0.128812782013, 1.28818730503, 0.622554286676, 
0.208483102204, 0.905947907235, 0.570663676689, 0.520548295273, 1.67970125023, 0.456411300924, 0.693511954772, 2.30460137262, 2.42670261226, 0.504063396705, 0.848559523457, 1.96234095475, 1.10785050833, 0.30765348867, 1.19179479963, 1.39589613478, 3.26113255697, 0.175547361816, 1.32065379618, 0.587311089375, 
0.159316657608, 0.897126477672, 0.528518278091, 0.496701327996, 1.63479711137, 0.498343037713, 0.664789556244, 2.26375263168, 2.39333041629, 0.495752676863, 0.816472582551, 1.93543595766, 1.12131732749, 0.258762484664, 1.22001591369, 1.34967294277, 3.25716918235, 0.213384782189, 1.34767163007, 0.552407675096, 
0.109661626371, 0.874281894067, 0.484314082921, 0.470618563108, 1.60077451396, 0.542191961686, 0.633738226673, 2.2244590442, 2.35539111597, 0.475228150992, 0.782573013118, 1.90509991895, 1.15044105741, 0.209238220652, 1.23418310062, 1.30917700763, 3.23972034948, 0.250945979449, 1.37610336302, 0.51681270886, 
0.061679840831, 0.837603279454, 0.443508444881, 0.449683116769, 1.57776795833, 0.586734456682, 0.591155931635, 2.18406959266, 2.31236939777, 0.440347597866, 0.742053584692, 1.87424378244, 1.16720692334, 0.160347216646, 1.26529458, 1.26109281469, 3.21842242211, 0.29752943484, 1.3887533319, 0.471354660224, 
0.0201034830498, 0.814758695848, 0.402692850784, 0.426168401035, 1.55290284056, 0.632489757155, 0.560104602064, 2.15687898497, 2.26472492518, 0.417020013576, 0.708834498943, 1.83797822963, 1.16886982982, 0.113754982259, 1.30856672575, 1.21281944523, 3.18338256942, 0.34588262195, 1.40190301467, 0.435759693987, 
0.020164547298, 0.808074931593, 0.358714265782, 0.419163599789, 1.51593303759, 0.670821062137, 0.517522307026, 2.13043642574, 2.21875454483, 0.386071595829, 0.666320179484, 1.79553602415, 1.17425049328, 0.0651408334971, 1.35687905947, 1.1630020945, 3.15180898932, 0.392674346523, 1.40333904757, 0.399157649696, 
0.0549674515651, 0.818741776442, 0.310094876837, 0.395648884055, 1.48992534397, 0.695860256226, 0.468545099751, 2.10460290142, 2.1766895519, 0.355055087195, 0.628634705677, 1.76143133642, 1.17401624945, 0.0234568155826, 1.39968951607, 1.11467198497, 3.12883701724, 0.442671260169, 1.40293236537, 0.367556642709, 
0.0753932091394, 0.812058012186, 0.268398474369, 0.365105908356, 1.46364898318, 0.721311384648, 0.419080354264, 2.08851474747, 2.13424555292, 0.31420353489, 0.602974537499, 1.71727091407, 1.15669531276, 0.0229045310255, 1.4419179679, 1.0720645195, 3.09444609933, 0.489462984742, 1.40049080825, 0.341697351431, 
0.102595456374, 0.806270729249, 0.238273763033, 0.333875768689, 1.42520980595, 0.759947368396, 0.375094248891, 2.07670960695, 2.0871342467, 0.285675965263, 0.568488934552, 1.66788604027, 1.15191125108, 0.0725443060787, 1.47333668997, 1.03198388434, 3.06346251239, 0.527405747687, 1.39014621114, 0.313778783363, 
0.113808503407, 0.789261373784, 0.196317082835, 0.296625282751, 1.40118245402, 0.791057533349, 0.328640001733, 2.08180586968, 2.04896992906, 0.267288599066, 0.538899411404, 1.61798767799, 1.13538684466, 0.121239497674, 1.51018931283, 1.00090668494, 3.02320249682, 0.569013225965, 1.3709694504, 0.301481051866, 
0.107679891277, 0.771414908062, 0.1661923715, 0.265545340811, 1.36453852184, 0.826841243395, 0.279156588498, 2.07731078218, 2.00227408636, 0.234246698616, 0.497309372587, 1.56972528947, 1.11012420593, 0.170879272727, 1.54020925029, 0.966617284379, 2.98932639978, 0.617594851353, 1.33944142137, 0.278816499608, 
0.10544647812, 0.750739940296, 0.151533113807, 0.249735578842, 1.32573568717, 0.855425121465, 0.231030570444, 2.05710214932, 1.96140456324, 0.192839175425, 0.448735190585, 1.51989264548, 1.09494963805, 0.220685002821, 1.56387704758, 0.946841923784, 2.94514889822, 0.667391032323, 1.30289443753, 0.272761984768, 
0.09559407393, 0.71819553838, 0.154107432583, 0.220763527473, 1.29343379463, 0.875570489812, 0.181032213597, 2.04714464009, 1.91963568401, 0.163514046015, 0.407145151768, 1.47141003417, 1.07665678125, 0.270659635881, 1.57209497937, 0.940778841753, 2.89729089406, 0.712641615388, 1.28022195336, 0.272634246899, 
0.0695701205839, 0.67463116855, 0.148470424039, 0.194951317577, 1.27382428733, 0.878849404949, 0.131044094835, 2.05377919173, 1.89050224996, 0.141619753373, 0.370842681447, 1.42143727732, 1.07538253055, 0.320540391389, 1.56299801943, 0.94240426872, 2.84742786311, 0.756112193317, 1.2493049238, 0.255413261208, 
0.0597177163942, 0.626949932695, 0.159327816105, 0.158258951487, 1.26121286686, 0.875122749824, 0.0810442207033, 2.04553426629, 1.87816111716, 0.136420176493, 0.336831204662, 1.37153930962, 1.08217264117, 0.369683069547, 1.56374601744, 0.926839701885, 2.79786251739, 0.800438208378, 1.23369227599, 0.242208629085, 
0.0336937630481, 0.578804431193, 0.173137781123, 0.120235018256, 1.25506764086, 0.883308360704, 0.031274914929, 2.02192033763, 1.88443152573, 0.11452588385, 0.305406621558, 1.32382204185, 1.08545691191, 0.418560231178, 1.56508208624, 0.917894383043, 2.75366102649, 0.849105202995, 1.23526712569, 0.246294209264, 
0.0139623122358, 0.535162424324, 0.202550687883, 0.0956089687171, 1.25956218419, 0.890944342105, 0.0181106319304, 2.01595183003, 1.90838467648, 0.0935711049188, 0.267071353306, 1.28004753211, 1.07147904138, 0.460885959025, 1.55514473403, 0.926313634212, 2.72053040975, 0.898848525057, 1.22271324171, 0.252938790801, 
0.0105326757525, 0.486066114556, 0.22917878626, 0.0730719748625, 1.2486578775, 0.881219412721, 0.0618451199099, 1.9962538919, 1.91708725146, 0.0643585775504, 0.229726571805, 1.2401299326, 1.04788937778, 0.505573385349, 1.53668095068, 0.927430035098, 2.67686356695, 0.94773522378, 1.20450973574, 0.246871797697, 
0.02508991188, 0.436094331529, 0.268675152628, 0.0521313799783, 1.24483690449, 0.882270373265, 0.0988808032127, 1.98163584461, 1.91060553383, 0.0335026419605, 0.206005121953, 1.21039337358, 1.01673856065, 0.545148213119, 1.51941542338, 0.91804559447, 2.63275682723, 0.997262309728, 1.20333142691, 0.24298262317, 
0.037529011441, 0.389710657016, 0.308953551238, 0.019693508019, 1.22597191122, 0.892927052891, 0.138900310852, 1.95345221498, 1.8886633939, 0.00894872360164, 0.198768160693, 1.17388690936, 0.977377503635, 0.571884702162, 1.48714203656, 0.902252911363, 2.5843921275, 1.04711843714, 1.21932043666, 0.256377190378, 
0.0657812845977, 0.341568290212, 0.344757515089, 0.0022256644924, 1.21410983726, 0.901814329304, 0.166254644607, 1.91614921076, 1.85602124198, 0.0555850863788, 0.175046710841, 1.13900669731, 0.933125054581, 0.60287486086, 1.46987650925, 0.899724024684, 2.53930710097, 1.09710832854, 1.25054825444, 0.285439916833, 
0.0894189947475, 0.292833880641, 0.366465408472, 0.0060666953085, 1.21116905072, 0.893336938356, 0.177644468119, 1.8787766791, 1.81530688178, 0.0932426054018, 0.16780974958, 1.12013785971, 0.891925141175, 0.636723584919, 1.43760312243, 0.880268528476, 2.5047436317, 1.1456602483, 1.27810883276, 0.311190499991, 
0.111668200897, 0.242856893005, 0.394301581809, 0.00300521861, 1.21554610037, 0.876013382561, 0.204998801874, 1.84391113522, 1.77350428347, 0.128844895898, 0.164218853624, 1.12022471211, 0.84352058729, 0.669876582747, 1.40318035176, 0.846233042716, 2.4601701177, 1.18719829667, 1.30436818496, 0.350046828498, 
0.147890225326, 0.192858414253, 0.434664799024, 0.0210129305641, 1.21451003205, 0.86099001794, 0.232124227121, 1.80235736549, 1.73763332938, 0.150292923914, 0.16407911269, 1.10360573219, 0.802320673883, 0.688228972633, 1.38323652383, 0.822200794723, 2.4255696082, 1.22626300385, 1.33107370119, 0.38159330977, 
0.170139431475, 0.143960855056, 0.480946958157, 0.0241823634091, 1.22030164891, 0.85277685216, 0.260061074083, 1.77315679101, 1.70155730204, 0.154999740732, 0.146846858787, 1.09267015117, 0.763623714898, 0.689567185505, 1.37987872434, 0.8136003622, 2.3809812358, 1.25229800484, 1.37062612205, 0.424504951959, 
0.196555065234, 0.0953927240317, 0.525957691186, 0.0442272716848, 1.21073848538, 0.861927716967, 0.272130489226, 1.7608103016, 1.66748795068, 0.166786964331, 0.146707117853, 1.08690381442, 0.716431085395, 0.686259927336, 1.36684501763, 0.791834530838, 2.34300476187, 1.27210220988, 1.39733163828, 0.468439448538, 
0.23589724962, 0.0494081216719, 0.571158270473, 0.0739620691325, 1.18663112177, 0.883343338387, 0.288419652118, 1.73422905382, 1.62453104576, 0.166666370628, 0.163676744706, 1.06449832773, 0.677734126411, 0.69136395388, 1.3380875682, 0.767580079586, 2.29827953593, 1.28263457952, 1.4079691705, 0.51788827059, 
0.283420736566, 0.00632745812355, 0.606322104658, 0.0898476943963, 1.15009746225, 0.915022995962, 0.28755840542, 1.69542978113, 1.58274906312, 0.163796843876, 0.167481684325, 1.03727376193, 0.630541496908, 0.688910778743, 1.32183563814, 0.729834122387, 2.24877466191, 1.27581447292, 1.41277543686, 0.567752967152, 
0.325042580115, 0.0403421301562, 0.640525569455, 0.0967163428633, 1.12899440873, 0.958022611285, 0.273849168173, 1.64997611395, 1.53424114835, 0.173309535463, 0.165953537555, 1.02116947762, 0.58422836611, 0.669525136411, 1.31095144145, 0.683149378751, 2.20481879903, 1.26110079836, 1.42940586598, 0.615232949847, 
0.371950250928, 0.0862655521808, 0.685140078724, 0.120109640375, 1.10328811062, 1.00598836879, 0.247832638916, 1.60639757199, 1.48716816384, 0.183389067886, 0.181610567646, 1.0222261039, 0.534263253237, 0.652933479432, 1.31741455544, 0.633156717754, 2.15541714163, 1.24893929247, 1.45819204761, 0.658858588922, 
0.421949750766, 0.136120354781, 0.73478446421, 0.157206010004, 1.0711797457, 1.05400488424, 0.224170911805, 1.565957189, 1.43725441508, 0.201358584136, 0.209165215781, 1.0061218196, 0.486672688308, 0.653474453379, 1.33230526896, 0.584148339503, 2.10741242204, 1.24970562028, 1.47629369437, 0.692631924314, 
0.47120472064, 0.186095355465, 0.78444662497, 0.203531082088, 1.0560136677, 1.10292664539, 0.217001062367, 1.51963080735, 1.39046501394, 0.214017255318, 0.225631630772, 0.97846106271, 0.436675079895, 0.659631789678, 1.33659841997, 0.536417281848, 2.05751180962, 1.23332673437, 1.49485726738, 0.733191264788, 
0.51991170071, 0.235898261965, 0.834207058841, 0.245283790442, 1.04875783959, 1.15292660526, 0.194417605766, 1.46996723127, 1.34690824047, 0.240261570468, 0.252973794938, 0.958523515011, 0.387704088106, 0.648446950751, 1.32359480997, 0.491593187816, 2.00824541914, 1.23409306219, 1.51076710952, 0.77814659455, 
0.565871517397, 0.285119479563, 0.883729521935, 0.293926924781, 1.06112866175, 1.20210808417, 0.164889978594, 1.42550088134, 1.30447242609, 0.259240866197, 0.290636238657, 0.934360747366, 0.338234851361, 0.644070450523, 1.29486286625, 0.446323959667, 1.95903238319, 1.2410896769, 1.50950529415, 0.81658474485, 
0.602325248748, 0.328365788866, 0.932699788399, 0.343593405207, 1.06774162072, 1.24524191693, 0.135061220325, 1.39231977439, 1.25570499632, 0.277673370223, 0.331890367074, 0.923906951625, 0.289263859572, 0.628396312769, 1.26283919058, 0.3978814813, 1.9094723418, 1.24117978529, 1.49122401483, 0.849253411705, 
0.624876036765, 0.375560798586, 0.976361721023, 0.392236539547, 1.0592801632, 1.29116104074, 0.0938925167823, 1.34888914257, 1.20609333703, 0.287669197831, 0.373178829764, 0.918218720232, 0.239778614215, 0.620912298232, 1.21961354294, 0.348142892128, 1.85948673993, 1.25809852262, 1.45812826365, 0.884368030179, 
0.630803923597, 0.425556881316, 1.01662388247, 0.441984816472, 1.07044432788, 1.32754413908, 0.0649113946904, 1.30661136367, 1.16070955859, 0.312488272527, 0.419363747724, 0.895883548357, 0.193619884099, 0.596971270101, 1.17039957439, 0.301799074941, 1.80949468628, 1.25863509005, 1.41692619807, 0.929453402814, 
0.627449195917, 0.475179563488, 1.04871005364, 0.491387138236, 1.07422021035, 1.37346326289, 0.0276343388227, 1.26773950972, 1.11093519219, 0.338955303139, 0.460332524329, 0.890195316964, 0.155617511944, 0.588346217558, 1.12717392675, 0.254443641856, 1.76291814244, 1.24542545951, 1.36852069239, 0.967271299222, 
0.639725611229, 0.524836084261, 1.06574581143, 0.537516736484, 1.09497226497, 1.41322549035, 0.0187917664596, 1.24324655273, 1.06171993409, 0.377250992014, 0.505750288017, 0.901840110708, 0.131020353568, 0.563396667656, 1.09515025108, 0.21177021849, 1.71346121343, 1.24950587452, 1.32350277729, 0.993895800809, 
0.667839203555, 0.56949691495, 1.08000787299, 0.574267200492, 1.12203266726, 1.44892979884, 0.0560688223273, 1.22258543257, 1.018908393, 0.409631068579, 0.546223417156, 0.923398763751, 0.0930179814138, 0.542864546611, 1.06605269564, 0.180582413039, 1.66448156345, 1.2642896595, 1.28265631405, 1.02630186658, 
0.702221534751, 0.612612157964, 1.08397547357, 0.611069345903, 1.16193611889, 1.47902152323, 0.0855538567485, 1.20240046957, 0.970023192318, 0.435372038491, 0.581907594256, 0.940673623874, 0.0615766408192, 0.525624493734, 1.0526168831, 0.137908989673, 1.62012753888, 1.27381874405, 1.24263402027, 1.04458131152, 
0.722114247745, 0.64446746316, 1.08930693898, 0.655361007838, 1.19722400219, 1.50900524306, 0.11461475759, 1.19067812712, 0.921446281732, 0.463662269043, 0.613235138083, 0.940858759077, 0.0187346357099, 0.494686090114, 1.02418396776, 0.106721184222, 1.57558028386, 1.28623071711, 1.20541487268, 1.0722432982, 
0.747295673225, 0.664049579063, 1.07731336603, 0.69519335586, 1.21838851555, 1.5508657034, 0.155838980041, 1.19832286634, 0.880472276385, 0.480702399477, 0.629345207941, 0.948936532116, 0.0217877017948, 0.478999650556, 0.999574429068, 0.0680599756045, 1.52947831444, 1.28848570606, 1.15902106611, 1.11248257964, 
0.760555403943, 0.673615998557, 1.04944135663, 0.742228325903, 1.25377006456, 1.59508270388, 0.187890065176, 1.19616290427, 0.833264654204, 0.514918578179, 0.632954652597, 0.973403517918, 0.0572453348742, 0.471800499051, 0.966046010023, 0.0208860139865, 1.48541681848, 1.2896831426, 1.10934319812, 1.14014456632, 
0.789504179048, 0.679759801608, 1.00905268645, 0.785300680433, 1.27493457792, 1.63944755871, 0.225358444704, 1.20901018373, 0.788724301501, 0.536673941681, 0.619290030837, 1.0113086369, 0.0785074610339, 0.44811269215, 0.921853258805, 0.0290211993781, 1.44871468068, 1.30164161084, 1.0622275955, 1.16105541026, 
0.802763909766, 0.668561671854, 0.961881080612, 0.827426475144, 1.29533214561, 1.68902384068, 0.271890708562, 1.20658606588, 0.754472245053, 0.557069820688, 0.589999497713, 1.0357756227, 0.113965094113, 0.440528980358, 0.88832483976, 0.078015466855, 1.42651538597, 1.32425879797, 1.01222909361, 1.19623882805, 
0.812902584907, 0.650168106419, 0.912165681282, 0.866832878328, 1.29888630724, 1.73759582577, 0.309359088091, 1.18909415364, 0.737307904083, 0.591849217965, 0.550079024427, 1.07151518059, 0.155763814815, 0.444724159402, 0.861190845683, 0.120642319701, 1.39524381367, 1.34383458432, 0.962662133744, 1.21767897727, 
0.816195254655, 0.636150691221, 0.864850477833, 0.907194817253, 1.29509076346, 1.78756095538, 0.351432877975, 1.18188024669, 0.718584131838, 0.612245096972, 0.502938352288, 1.10452537945, 0.19991931749, 0.458564979429, 0.824319601098, 0.161416983987, 1.35978488141, 1.34799528012, 0.913236603843, 1.24221749039, 
0.827187257458, 0.633348676514, 0.814860352394, 0.94289891596, 1.30113827389, 1.83515138285, 0.381729722437, 1.15995894567, 0.687404219128, 0.615797413689, 0.454750999914, 1.12861923029, 0.246444026028, 0.455138347715, 0.800706408743, 0.189835144487, 1.33987921921, 1.35122400786, 0.864784197034, 1.26028688708, 
0.849464869262, 0.644516927154, 0.767545148945, 0.988421560919, 1.31137909718, 1.88507657166, 0.416146806334, 1.13021054732, 0.670210922192, 0.604090067659, 0.414032550062, 1.14683758478, 0.290282442681, 0.450387284877, 0.763443459625, 0.226940992699, 1.3100667483, 1.34188938869, 0.814851253987, 1.27125705666, 
0.855089198373, 0.660952923523, 0.719649731605, 1.0326775209, 1.31629128269, 1.93210930023, 0.43608344448, 1.09853246102, 0.655519990072, 0.576463140889, 0.367501021356, 1.14803183276, 0.33970117556, 0.462946375462, 0.717025215352, 0.266901421656, 1.27972549499, 1.34991806041, 0.765847224884, 1.28011083902, 
0.871039699768, 0.689648272524, 0.669733503326, 1.08222271944, 1.30532944339, 1.98111991857, 0.44082407811, 1.08121666764, 0.6369739718, 0.536248848479, 0.317517402313, 1.16279892687, 0.387046229299, 0.484079516548, 0.678161742272, 0.294173316863, 1.24486077422, 1.36037659226, 0.716912402254, 1.27159990885, 
0.89492965106, 0.703248049717, 0.623817097922, 1.13218007291, 1.28577538882, 2.02378971164, 0.462302785929, 1.05045270229, 0.616440606129, 0.488297627594, 0.270985873607, 1.17800652673, 0.437034429027, 0.488439752679, 0.630882619481, 0.30660767708, 1.204585376, 1.37602855729, 0.667547133606, 1.25745817342, 
0.908560936313, 0.709272693868, 0.587438711541, 1.17944110434, 1.28313960642, 2.06489020795, 0.494876234225, 1.01088106691, 0.587828077443, 0.439629268926, 0.233518824332, 1.19565647373, 0.486945477357, 0.475501175027, 0.584427030602, 0.316735483169, 1.15687302042, 1.37964414253, 0.622180843648, 1.23649696594, 
0.935183408263, 0.713321669128, 0.545492127878, 1.22924348649, 1.26358555185, 2.09377347644, 0.53845937469, 0.982320826101, 0.578693563198, 0.393399373883, 0.189826367591, 1.22225326915, 0.532826907858, 0.475711986098, 0.54709699199, 0.328301637335, 1.11008075724, 1.36598544317, 0.576029710772, 1.21910148378, 
0.95285415028, 0.711015124909, 0.497994243562, 1.27879820547, 1.23355267637, 2.12940048847, 0.582531686749, 0.946476601491, 0.564940752686, 0.345425749767, 0.141337947188, 1.24207751075, 0.582598361346, 0.478151245802, 0.507114167458, 0.355807443376, 1.0600901433, 1.33988359844, 0.539241368964, 1.20400862845, 
0.980251391616, 0.703197968796, 0.454210192557, 1.32308721697, 1.19165863945, 2.16213029122, 0.615869574817, 0.901505214078, 0.5490813181, 0.305164392933, 0.0999468458505, 1.25242578041, 0.62773501853, 0.486220827917, 0.461672164435, 0.389908011486, 1.01290470106, 1.30077004686, 0.507255164429, 1.18210199697, 
0.996974548505, 0.67896153216, 0.411578449816, 1.35676861256, 1.1466272598, 2.19280706543, 0.659941886876, 0.851856287149, 0.55478483443, 0.257190768817, 0.0587640877027, 1.27038905619, 0.668460612239, 0.510680575146, 0.414252485706, 0.429506464064, 0.968376103533, 1.27466820212, 0.489880872921, 1.15107657836, 
1.00202512598, 0.642833013582, 0.368161311326, 1.37577991885, 1.10621248844, 2.23239694141, 0.709432851654, 0.802034530936, 0.558303065313, 0.211600891021, 0.024386506513, 1.28047071261, 0.711714587602, 0.518750157262, 0.369250900951, 0.456533630716, 0.929662873194, 1.24287198179, 0.459396259024, 1.13083342108, 
0.989757576528, 0.616660288848, 0.335844039982, 1.407759838, 1.06757143746, 2.26780750948, 0.75445601468, 0.753852263513, 0.580074055382, 0.164477594191, 0.0065504180619, 1.29107358398, 0.743781569213, 0.536473724294, 0.330154390663, 0.479699650979, 0.905874690027, 1.20190000507, 0.444305003945, 1.10035087133, 
0.969726871889, 0.597084242089, 0.303957631188, 1.43580008419, 1.02040801674, 2.28932503174, 0.794528295827, 0.703982921075, 0.589165453745, 0.125913084145, 0.0221871175117, 1.30870260191, 0.787035544576, 0.561134870097, 0.287694847632, 0.497661160227, 0.889094528331, 1.17030888072, 0.430463533557, 1.08150349695, 
0.936655993785, 0.564596826918, 0.260821960761, 1.47630804074, 0.981766965761, 2.29931498303, 0.82594409448, 0.658729375595, 0.606415693273, 0.0825302995092, 0.0488990227804, 1.33709959861, 0.835052018005, 0.589784985084, 0.25597763057, 0.517387503502, 0.874282040184, 1.14587876688, 0.408428436903, 1.07349554082, 
0.913011103365, 0.533418980237, 0.227527652195, 1.50434828693, 0.934603545046, 2.29480581118, 0.866851230335, 0.625082846287, 0.623715132319, 0.0365839521989, 0.0884560666011, 1.34970872082, 0.884941665907, 0.630722481434, 0.215826571648, 0.531874108089, 0.849132097841, 1.10800122709, 0.376562439123, 1.06396583376, 
0.891539816073, 0.490752197591, 0.185890675926, 1.52646825992, 0.893019448623, 2.2781517043, 0.895458024768, 0.582030467357, 0.623926461665, 0.000153620839428, 0.136087085689, 1.3680461079, 0.932958139336, 0.671761427789, 0.167905564255, 0.558825917567, 0.819282116657, 1.06124485166, 0.342959409537, 1.03822331108, 
0.861991404108, 0.448304510775, 0.139628467501, 1.53529648934, 0.849868839966, 2.24637746068, 0.908421349542, 0.540858942506, 0.622349757631, 0.0326648277279, 0.17564412951, 1.3714856611, 0.975864128732, 0.7152784831, 0.119480895841, 0.593735773577, 0.788241151126, 1.01124914952, 0.299034840672, 1.01104611301, 
0.824231641572, 0.399379411782, 0.0976034242437, 1.54326629982, 0.801624975313, 2.20331552301, 0.908516752851, 0.510332875111, 0.634933581626, 0.0613600346417, 0.223275148598, 1.36507198559, 1.0109911171, 0.764592518657, 0.0744007930308, 0.6387830139, 0.75510696483, 0.964044340199, 0.249589100995, 0.975649121883, 
0.785531920109, 0.354011954974, 0.0512432654429, 1.54852693499, 0.760783023186, 2.15703887867, 0.918653904453, 0.472840960744, 0.639545853261, 0.0743203095079, 0.272899113651, 1.36322828391, 1.05616952633, 0.811365758622, 0.0246420311424, 0.688370034853, 0.726550799686, 0.918199927819, 0.199666910162, 0.937193731049, 
0.748315168922, 0.306799292475, 0.0140842984883, 1.56623669061, 0.717023335058, 2.10972577373, 0.911433857969, 0.437315961315, 0.648216296105, 0.102538403093, 0.31743700921, 1.37858514819, 1.09597358993, 0.851177471906, 0.0251996899949, 0.737597813795, 0.716766033786, 0.874361092243, 0.149684060314, 0.894971586089, 
0.71616347966, 0.257718375224, 0.0261626545976, 1.58044193801, 0.684175676842, 2.06155810213, 0.888996857397, 0.398888686628, 0.673205772834, 0.117247092966, 0.365712602965, 1.40172451525, 1.13003559498, 0.898934156489, 0.0733952126589, 0.786850707157, 0.727682870725, 0.827015478636, 0.100372531864, 0.846135669092, 
0.678517412544, 0.210694937279, 0.0538354087908, 1.60353869798, 0.640415988714, 2.01156608038, 0.869952197408, 0.373720001481, 0.696855145785, 0.137314544221, 0.415529223639, 1.42084204041, 1.14952444551, 0.948875651395, 0.12042069497, 0.830188089103, 0.752670610522, 0.777799544511, 0.0513026824335, 0.796234496995, 
0.638364535208, 0.172319652448, 0.086309326889, 1.63741929588, 0.607568330498, 1.96489443032, 0.844018757333, 0.34763800869, 0.716871569286, 0.17183502338, 0.465159714676, 1.42300501013, 1.18358645056, 0.994978275281, 0.164270398204, 0.870565698233, 0.773273775908, 0.729355709397, 0.00262500427323, 0.748268059747, 
0.590442657152, 0.139933191518, 0.103848175752, 1.6720946891, 0.589594614556, 1.92040265468, 0.812896562487, 0.310584731543, 0.742417418375, 0.199833826312, 0.512860175329, 1.40795253835, 1.21979922966, 1.0316813713, 0.208003432578, 0.898422131768, 0.810005447609, 0.681832625404, 0.0392101737574, 0.706272215149, 
0.541120586782, 0.0976186307347, 0.124832325084, 1.70302331989, 0.579740081541, 1.88561263145, 0.770266915784, 0.269212142368, 0.77194237424, 0.24031242956, 0.554135100864, 1.38965469955, 1.25574864477, 1.0545580044, 0.245124914765, 0.938799740898, 0.845079460499, 0.633149282862, 0.0789584306686, 0.66750989239, 
0.492206437618, 0.0526804877142, 0.129028891362, 1.72857498684, 0.564940867336, 1.84063815911, 0.722654865611, 0.239937469975, 0.812005447173, 0.284396167113, 0.596552756224, 1.36934400377, 1.27764446571, 1.09126110043, 0.291464073519, 0.981417468203, 0.890909979515, 0.583446196508, 0.119711794688, 0.625464548419, 
0.445897703256, 0.00933259065767, 0.150013040694, 1.74250050729, 0.567368914037, 1.80584813589, 0.673362128632, 0.211878495622, 0.859225165335, 0.329136795438, 0.633833573936, 1.35060754092, 1.30481823954, 1.12136822118, 0.339201531536, 1.03040824943, 0.938495021525, 0.534879681476, 0.157585832914, 0.592486961258, 
0.399109867699, 0.0399239306551, 0.169344624704, 1.74785709891, 0.586731363377, 1.76230553832, 0.624175944327, 0.196520593617, 0.909220253263, 0.378813841786, 0.657470391738, 1.31714609497, 1.33534037789, 1.13600640956, 0.388937624146, 1.07302597674, 0.984140328128, 0.493307576244, 0.198305343518, 0.555157075126, 
0.349438908612, 0.089148012805, 0.175043691837, 1.74843348608, 0.620692818207, 1.72979480208, 0.574298517893, 0.178975864775, 0.959071914004, 0.42875228292, 0.691767565061, 1.28393629232, 1.35047677603, 1.13849899824, 0.437428966428, 1.1181959198, 1.03400412685, 0.463744090243, 0.230102453843, 0.518368044678, 
0.299446313677, 0.132777113336, 0.167820901511, 1.75864110849, 0.648231028468, 1.70143722107, 0.52623237253, 0.152362528502, 1.00723345932, 0.477464545132, 0.717540269557, 1.25180625994, 1.3621267731, 1.14090072573, 0.48739015917, 1.16221833093, 1.08218395359, 0.433120133674, 0.273179438347, 0.474336521597, 
0.250203284774, 0.180947335588, 0.15875358701, 1.75149229122, 0.688382023188, 1.66537969986, 0.482735846129, 0.141831487248, 1.05723062108, 0.524395942519, 0.728469983181, 1.20851109196, 1.37238895836, 1.15981538156, 0.535253740719, 1.19547755483, 1.12849080203, 0.402359584022, 0.318296659226, 0.431939831476, 
0.206894404837, 0.229854299207, 0.14678677517, 1.72784928717, 0.727792135898, 1.64334392355, 0.45029625824, 0.138603035672, 1.1066051319, 0.574224699649, 0.733925421185, 1.16704704283, 1.38862124494, 1.18310426486, 0.585176240347, 1.22700203733, 1.16631069673, 0.362141733303, 0.357276613466, 0.395983221056, 
0.174743363957, 0.278092896007, 0.124891105787, 1.69660264739, 0.770007017407, 1.62970021667, 0.422317658786, 0.152634605065, 1.15574388978, 0.622462533405, 0.755700726065, 1.1210664488, 1.4096103329, 1.21991872571, 0.633039821895, 1.25907926498, 1.20113567274, 0.334509815426, 0.383195788781, 0.350312026739, 
0.133509923286, 0.327980511582, 0.0889418078418, 1.65572822205, 0.815741366243, 1.62329894944, 0.410199377985, 0.182233781075, 1.2055700064, 0.67246133219, 0.760768735898, 1.07683509181, 1.42547290957, 1.24294131618, 0.682489610567, 1.29611107439, 1.22662506078, 0.302225938635, 0.413292311381, 0.31435541632, 
0.086045424943, 0.377736899227, 0.0670461384594, 1.61728262699, 0.861871815781, 1.63424400706, 0.383441854894, 0.217980113992, 1.25096628008, 0.721951377132, 0.761254544365, 1.02729702829, 1.42416126226, 1.27975577703, 0.732450655778, 1.31941931849, 1.24985531807, 0.25883051454, 0.43294753359, 0.285220875107, 
0.0413473265005, 0.426178664376, 0.0310968405138, 1.59208919507, 0.909841190489, 1.66121525406, 0.345432992647, 0.246863818521, 1.30079239671, 0.77187805035, 0.749825400718, 0.977732302753, 1.41061301526, 1.32592174093, 0.778723768737, 1.35597900864, 1.25839305047, 0.212989164555, 0.467141671367, 0.249205672784, 
0.00486248080018, 0.473039198148, 0.00776721000093, 1.55364360002, 0.956294035652, 1.6748912144, 0.320827138972, 0.261946085146, 1.35018269322, 0.820788606264, 0.735546422668, 0.933408268901, 1.39289199704, 1.36273620177, 0.822234974602, 1.40163065973, 1.2515072371, 0.163084216138, 0.491382552165, 0.215665131224, 
0.0346566990496, 0.512709668033, 0.0124721786562, 1.50982658409, 1.00431323904, 1.70419130002, 0.291913701816, 0.259814333986, 1.39645186369, 0.863199109499, 0.719166002728, 0.896162334323, 1.39223060284, 1.39136730445, 0.866825124748, 1.45074792273, 1.25981276016, 0.113722658345, 0.499204726886, 0.196829926079, 
0.066798102653, 0.545659036638, 0.0305064885432, 1.46811618651, 1.04636225055, 1.74558148819, 0.250792164064, 0.252725760292, 1.43344882629, 0.908492372566, 0.690712537842, 0.860160132918, 1.38683948079, 1.40425200152, 0.906907946853, 1.49400610326, 1.25269162385, 0.0700620581377, 0.501646279403, 0.16462126428, 
0.0839015915734, 0.563758724188, 0.0563428541666, 1.41949088343, 1.09512816733, 1.77488157382, 0.20242239006, 0.262992956866, 1.47672320467, 0.943810713006, 0.669660599586, 0.819493637118, 1.37617692515, 1.42421666774, 0.953828953184, 1.54280367354, 1.23959154476, 0.0351177741222, 0.521021194852, 0.141307801369, 
0.115705503289, 0.56940309956, 0.0670774633968, 1.36952543524, 1.14353810998, 1.78855753416, 0.155207553076, 0.277872567344, 1.51817070095, 0.964894217719, 0.64599490539, 0.786120766129, 1.34991559331, 1.45865591794, 0.995618789336, 1.58589192964, 1.22222577463, 0.000751930676244, 0.530928728501, 0.10476502308, 
0.140270250808, 0.590915135879, 0.0861625943714, 1.32086148059, 1.19330693826, 1.78980062268, 0.108642644355, 0.293561752301, 1.54846322246, 0.969199904878, 0.608692255222, 0.748476353417, 1.31068569973, 1.4823914579, 1.02822907288, 1.63505711471, 1.20463472051, 0.0281501468351, 0.548498041937, 0.0727824398177, 
0.168218606804, 0.621539302785, 0.0980918728204, 1.27905914646, 1.23843179695, 1.79193896696, 0.0614763093018, 0.304579312084, 1.56332368661, 0.964582987779, 0.585026561026, 0.721394440831, 1.27403161168, 1.49326468131, 1.04590943301, 1.67881965502, 1.18581620366, 0.0692637630336, 0.581018281903, 0.05221221284, 
0.197558848868, 0.63679854248, 0.122782952991, 1.23495900047, 1.28344614059, 1.79110540452, 0.0149241862446, 0.298251757008, 1.58555302033, 0.975237164278, 0.577852254791, 0.704837553107, 1.23828670841, 1.50883027412, 1.04652735735, 1.72821422399, 1.16575896772, 0.111290441618, 0.598587595339, 0.0264457614251, 
0.238321367963, 0.650512655573, 0.160855385983, 1.18758883672, 1.31830176867, 1.80455513606, 0.0263238235376, 0.278399321248, 1.62175974615, 1.00195708051, 0.588034663732, 0.696621872878, 1.19479299093, 1.51446887949, 1.03000831512, 1.77643550882, 1.140940334, 0.160047233804, 0.613472477774, 0.00201796768737, 
0.286528947333, 0.66725593824, 0.195584943791, 1.148548488, 1.33879457804, 1.80072305684, 0.0747496064056, 0.264187454337, 1.66380084068, 1.02357295946, 0.580860357497, 0.698255847024, 1.16235773698, 1.53675935312, 1.01407279715, 1.81722797346, 1.13447506144, 0.209807904959, 0.641483382213, 0.0147055742474, 
0.336505564644, 0.679900322755, 0.226962759839, 1.10117832425, 1.34245283343, 1.79365745096, 0.123739712939, 0.247434833532, 1.70279885856, 1.02846489702, 0.566665182537, 0.711476937187, 1.1448098439, 1.55445457985, 0.999052679074, 1.85513159386, 1.14744708556, 0.259696711762, 0.664446200181, 0.0191035350477, 
0.383991158651, 0.682401260917, 0.265167319783, 1.05373693131, 1.35336235828, 1.77888622509, 0.173026982788, 0.241223776589, 1.74842821842, 1.04277422443, 0.569723430971, 0.740393031272, 1.14433345179, 1.55744874176, 0.980934322635, 1.90190211685, 1.14526071116, 0.307388424327, 0.676670334729, 0.0260993837179, 
0.433967775961, 0.683803315558, 0.290035862227, 1.00428256035, 1.34692497939, 1.76165848928, 0.22211853793, 0.218418739898, 1.79551087317, 1.04533305722, 0.560555525048, 0.769154229241, 1.13206952271, 1.54420530046, 0.949067422709, 1.93980573724, 1.14517073649, 0.357339980313, 0.694629722968, 0.0296644975727, 
0.480407498952, 0.699464446441, 0.298568873932, 0.956700496778, 1.32391713967, 1.76152356121, 0.271494544344, 0.181770347451, 1.83923755474, 1.03404042122, 0.552121413327, 0.786459284963, 1.12775586396, 1.51527030107, 0.910345016172, 1.98506218004, 1.14745655422, 0.405670350862, 0.708436490392, 0.0388392645478, 
0.530384116263, 0.713055806106, 0.301635115988, 0.917241608394, 1.29885203302, 1.7632693745, 0.321426841684, 0.146053956458, 1.87864794966, 1.0067696724, 0.540091717154, 0.786692298942, 1.11879656491, 1.47440331508, 0.879371378157, 2.03457477704, 1.15382285712, 0.453514108082, 0.735963432234, 0.0447671887465, 
